id switch arsenic dist assoc educ
1 1 2.36 16.8260002136230 0 0
2 1 0.71 47.3219985961914 0 0
3 0 2.07 20.9669990539551 0 10
4 1 1.15 21.4860000610352 0 12
5 1 1.1 40.8740005493164 1 14
6 1 3.9 69.5179977416992 1 9
7 1 2.97 80.7109985351563 1 4
8 1 3.24 55.1459999084473 0 10
9 1 3.28 52.6469993591309 1 0
10 1 2.52 75.0719985961914 1 0
11 1 3.13 29.7740001678467 1 5
12 1 3.04 34.5040016174316 0 0
13 1 2.91 63.8040008544922 1 0
14 1 3.21 73.6039962768555 1 0
15 1 1.7 67.6549987792969 1 0
16 1 1.8 80.6600036621094 1 7
17 1 1.44 52.181999206543 0 7
18 1 1.43 52.181999206543 1 7
19 1 2.33 50.5340003967285 1 0
20 1 2.83 31.4220008850098 0 10
21 1 1.79 33.0089988708496 1 7
22 1 2.54 37.8709983825684 0 0
23 1 2.25 48.3730010986328 1 5
24 1 2.42 47.3089981079102 0 0
25 1 1.62 67.7850036621094 0 8
26 1 2.34 81.1380004882813 1 8
27 1 3.49 95.4599990844727 0 10
28 1 2.13 114.417999267578 0 16
29 1 0.93 157.628997802734 1 10
30 1 3.36 151.919998168945 1 10
31 1 1.49 107.691001892090 0 10
32 1 0.83 105.667999267578 0 10
33 1 1.37 105.625999450684 1 0
34 0 2.8 107.691001892090 0 0
35 0 0.81 107.691001892090 0 0
36 1 1.48 125.317001342773 1 3
37 0 1.92 107.691001892090 1 0
38 1 2.74 107.691001892090 0 10
39 1 2.49 107.691001892090 1 0
40 0 3.95 107.691001892090 0 0
41 1 2.75 107.691001892090 0 0
42 1 2.91 54.5699996948242 0 0
43 1 0.83 54.5699996948242 0 0
44 1 3.67 54.5699996948242 1 5
45 1 2.9 54.5699996948242 0 0
46 1 0.78 54.5699996948242 1 10
47 0 2.52 3.61800003051758 1 5
48 1 2.48 58.1669998168945 0 0
49 1 4.47 72.3460006713867 0 8
50 1 1.52 40.318000793457 0 0
51 1 1.8 67.2190017700195 0 0
52 0 0.51 99.0130004882813 0 0
53 1 0.64 115.913002014160 1 0
54 1 1.01 71.7990036010742 1 5
55 1 0.74 141.535995483398 0 8
56 1 1.81 84.6460037231445 1 0
57 1 2.69 65.931999206543 0 0
58 1 4.85 67.9400024414063 1 0
59 1 3.18 64.697998046875 0 6
60 1 5.06 62.6349983215332 1 10
61 1 2.69 47.9090003967285 0 10
62 1 0.57 24.0030002593994 0 12
63 1 4.55 17.9820003509521 0 7
64 0 3.91 11.1470003128052 1 6
65 1 0.89 39.9770011901855 1 5
66 0 1 69.1309967041016 0 0
67 1 0.95 37.6529998779297 1 0
68 1 3.55 32.0709991455078 1 7
69 1 4.52 19.0839996337891 0 5
70 1 4.76 23.9120006561279 0 0
71 1 1.99 28.5599994659424 1 5
72 0 2.85 21.9650001525879 0 0
73 0 0.81 91.0070037841797 0 0
74 1 2.85 26.5130004882813 1 8
75 1 2.18 23.3239994049072 0 3
76 1 4.23 31.5919990539551 0 5
77 1 1.92 31.3239994049072 1 0
78 1 1.63 38.8489990234375 0 8
79 1 5.45 9.12600040435791 1 0
80 0 1.57 19.3819999694824 0 8
81 1 1.94 12.4610004425049 0 8
82 1 1.58 14.9370002746582 0 0
83 1 0.67 13.2189998626709 1 5
84 1 1.4 6.82999992370605 0 5
85 0 1.18 30.4060001373291 1 3
86 0 0.77 18.5510005950928 1 5
87 0 0.77 24.8290004730225 0 0
88 1 1.44 28.6709995269775 0 12
89 0 0.77 20.871000289917 1 5
90 1 0.77 20.1200008392334 1 0
91 0 0.73 13.4940004348755 1 5
92 1 1.9 19.1919994354248 0 0
93 0 0.72 28.6459999084473 0 8
94 0 0.88 16.1660003662109 0 0
95 0 1.04 27.4279994964600 0 5
96 0 1.21 15.8389997482300 1 0
97 1 1.44 14.4180002212524 1 5
98 0 0.64 29.2779998779297 1 14
99 0 0.8 43.9440002441406 1 14
100 1 1.93 20.2299995422363 0 0
101 0 0.56 50.0919990539551 0 5
102 0 1.32 66.879997253418 0 5
103 0 0.52 69.4820022583008 0 3
104 0 1.19 48.7080001831055 1 5
105 0 1.18 22.6359996795654 1 12
106 0 1.26 10.1230001449585 0 5
107 0 0.88 42.8279991149902 0 8
108 0 3.16 21.0890007019043 0 5
109 0 2.12 47.5340003967285 0 5
110 1 0.76 15.7119998931885 0 5
111 0 0.56 12.1850004196167 0 5
112 0 0.62 23.5590000152588 0 0
113 1 1.03 1.84800004959106 0 5
114 0 0.78 90.9209976196289 0 5
115 0 1.02 93.8280029296875 1 5
116 0 0.65 82.1060028076172 1 9
117 1 2.29 46.9560012817383 1 3
118 1 1.6 24.2099990844727 1 4
119 1 0.82 43.2900009155273 0 5
120 1 1.44 25.1469993591309 0 10
121 1 0.97 14.6040000915527 0 0
122 0 0.89 1.40100002288818 0 8
123 1 1.39 8.21000003814697 0 12
124 1 0.83 18.8680000305176 0 0
125 1 0.57 23.4009990692139 0 0
126 1 1.47 18.5319995880127 1 9
127 1 1.11 36.2869987487793 0 10
128 1 2.38 40.4980010986328 0 12
129 0 3.97 90.5709991455078 0 0
130 1 3.51 115.157997131348 1 3
131 0 3.69 112.762001037598 1 0
132 1 2.95 93.4309997558594 1 0
133 0 3.21 97.2170028686523 0 0
134 1 3.65 88.3450012207031 1 0
135 1 4.42 41.1040000915527 1 5
136 1 4.12 46.2400016784668 0 3
137 1 3.62 65.3539962768555 1 3
138 1 3.8 43.7350006103516 1 2
139 1 4.46 61.5709991455078 0 5
140 1 4.04 78.4150009155273 1 0
141 1 3.32 63.5019989013672 0 5
142 0 2.07 69.2689971923828 1 5
143 1 1.43 57.9290008544922 1 6
144 1 2.3 85.3870010375977 0 5
145 1 1.41 110.609001159668 0 5
146 1 2.34 111.489997863770 1 0
147 1 1.5 176.197006225586 0 0
148 0 1.44 172.108001708984 0 0
149 0 1.54 177.802993774414 0 0
150 1 1.35 22.6709995269775 1 0
151 1 0.54 27.8810005187988 1 5
152 1 1.17 19.2600002288818 0 8
153 0 1.02 24.5 0 0
154 1 1.11 6.63299989700317 0 5
155 0 0.52 7.04099988937378 0 10
156 0 0.56 30.3139991760254 1 8
157 1 0.61 21.9790000915527 1 0
158 1 2.17 10.4580001831055 1 5
159 0 0.61 74.9990005493164 0 5
160 1 0.96 81.9710006713867 1 3
161 1 0.94 92.1760025024414 1 5
162 1 0.93 106.608001708984 1 3
163 0 1.02 103.060997009277 1 4
164 0 1.24 86.6050033569336 0 0
165 0 1.42 110.561996459961 0 5
166 0 1.31 122.325996398926 0 5
167 0 0.83 122.018997192383 0 0
168 0 2.64 57.632999420166 1 2
169 0 1.84 39.5960006713867 0 5
170 0 2.48 39.515998840332 0 0
171 0 1.27 21.5550003051758 0 10
172 0 0.69 51.7480010986328 0 0
173 1 0.61 13.5209999084473 1 5
174 0 0.89 31.4540004730225 0 5
175 1 0.75 89.4309997558594 0 5
176 0 0.81 19.2639999389648 1 0
177 0 1.81 53.3629989624023 1 9
178 0 1.25 30.128999710083 1 0
179 1 1.12 27.136999130249 1 9
180 1 0.71 28.7119998931885 1 0
181 1 2.16 20.6399993896484 1 0
182 1 1.7 36.75 0 5
183 1 1.84 49.6800003051758 0 5
184 0 1.26 102.710998535156 1 0
185 0 2.53 108.615997314453 1 0
186 0 2.95 96.4359970092773 0 0
187 0 0.62 100.861000061035 0 0
188 1 3.01 137.899993896484 0 10
189 0 2.56 124.670997619629 1 5
190 1 1.97 151.065994262695 0 10
191 0 1.2 121.575996398926 1 5
192 0 0.89 32.8499984741211 0 0
193 0 0.52 8.54699993133545 0 10
194 1 2.49 27.9740009307861 0 4
195 1 1.25 29.4580001831055 0 0
196 0 1.13 19.6599998474121 1 5
197 1 1.13 47.7089996337891 0 12
198 1 0.52 71.5230026245117 0 10
199 1 0.88 67.1760025024414 1 10
200 0 3.48 69.9670028686523 0 5
201 0 0.56 83.5719985961914 0 10
202 0 1.35 71.4250030517578 0 5
203 1 1.67 71.4250030517578 0 0
204 0 1.92 71.4250030517578 0 10
205 0 2.41 190.287994384766 0 7
206 0 2.36 186.304992675781 0 5
207 0 2.41 218.300003051758 0 0
208 1 1.46 53.5439987182617 0 14
209 1 2 63.6020011901855 0 0
210 1 1.32 67.4929962158203 0 5
211 1 1.75 66.7360000610352 0 5
212 1 1.84 47.9959983825684 0 0
213 0 1.72 54.4160003662109 0 5
214 0 1.77 94.722999572754 0 5
215 1 2.77 70.7740020751953 0 7
216 1 0.73 11.2489995956421 1 0
217 1 0.69 4.88000011444092 1 0
218 0 0.58 18.1429996490479 1 5
219 1 0.52 15.7790002822876 1 12
220 1 0.62 0.386999994516373 1 5
221 1 3.33 14.9650001525879 1 5
222 0 0.51 24.6770000457764 0 0
223 0 1.26 17.5069999694824 1 0
224 1 0.6 22.8819999694824 0 5
225 1 0.59 6.7960000038147 0 5
226 1 0.66 8.996000289917 1 0
227 1 0.74 2.40899991989136 1 0
228 1 0.71 9.30599975585938 1 0
229 1 0.86 21.996000289917 1 7
230 0 0.51 14.0769996643066 0 10
231 1 0.58 29.6490001678467 1 5
232 0 0.55 11.3769998550415 0 5
233 1 1.26 29.5410003662109 0 0
234 0 0.52 33.367000579834 0 10
235 0 0.83 26.7150001525879 0 10
236 0 0.57 21.1180000305176 0 5
237 0 0.53 71.4820022583008 0 0
238 0 0.67 71.6370010375977 1 0
239 1 3.5 23.8309993743896 0 5
240 1 2.8 5.72800016403198 1 12
241 1 0.77 15.8149995803833 1 5
242 1 0.74 32.5870018005371 1 5
243 1 0.77 40.1310005187988 0 10
244 1 1.58 49.6380004882813 1 2
245 1 0.8 24.886999130249 0 10
246 0 0.55 47.6710014343262 1 0
247 1 0.9 56.5909996032715 1 10
248 0 0.52 74.1169967651367 0 8
249 1 2.59 81.8489990234375 1 0
250 1 1.27 86.0940017700195 1 8
251 0 0.97 71.8059997558594 0 14
252 0 1.47 61.7449989318848 1 4
253 0 1.03 25.0450000762939 0 12
254 0 0.93 19.9290008544922 1 2
255 0 0.79 50.1189994812012 0 10
256 0 0.66 53.8160018920898 1 5
257 0 0.85 33.5029983520508 1 10
258 0 0.93 58.3559989929199 0 5
259 0 1.42 17.9540004730225 0 12
260 0 0.75 28.0270004272461 0 4
261 0 1.46 31.6679992675781 0 8
262 0 1.16 34.4370002746582 0 5
263 0 1.17 50.9519996643066 0 15
264 1 0.83 60.7529983520508 1 0
265 1 1.24 74.8769989013672 0 5
266 1 3.08 57.9599990844727 0 5
267 1 3.59 61.6240005493164 0 0
268 1 1.96 76.0660018920898 0 7
269 1 1.67 105.866996765137 0 5
270 0 1.69 112.675003051758 0 0
271 0 2.71 197.134994506836 1 5
272 0 1.27 304.096984863281 1 5
273 0 1.43 339.531005859375 0 4
274 0 1 70.2710037231445 0 5
275 0 0.52 92.7440032958984 0 5
276 0 0.65 55.9210014343262 0 9
277 0 0.7 50.8289985656738 1 0
278 0 0.51 37.6010017395020 0 0
279 0 1.02 17.9309997558594 0 0
280 1 2.05 11.8170003890991 0 5
281 1 0.77 18.7970008850098 1 0
282 1 1.2 17.5750007629395 0 5
283 1 0.62 22.4430007934570 0 5
284 1 1.31 27.0259990692139 1 5
285 1 1.79 17.1399993896484 0 0
286 1 0.56 25.4540004730225 0 0
287 1 0.77 45.5760002136230 0 5
288 1 0.66 52.7610015869141 0 0
289 1 1.1 30.5410003662109 0 0
290 1 0.82 16.3990001678467 1 5
291 1 2.22 29.3190002441406 0 5
292 1 2.82 36.0610008239746 1 0
293 0 0.64 22.6070003509521 0 6
294 1 1.26 27.1410007476807 1 6
295 1 1.53 9.44699954986572 1 5
296 1 1.8 16.6970005035400 0 0
297 1 1.24 50.4770011901855 1 8
298 0 0.93 9.22399997711182 0 5
299 1 0.54 6.93100023269653 1 6
300 1 0.82 27.2919998168945 0 5
301 1 0.61 25.2950000762939 0 5
302 0 0.71 52.7120018005371 1 5
303 1 0.81 51.7290000915527 0 4
304 1 0.65 68.5719985961914 1 4
305 1 0.68 23.6790008544922 1 0
306 1 1.26 45.2019996643066 1 9
307 1 0.92 9.16899967193604 0 5
308 1 1.25 16.371000289917 1 0
309 1 1.16 19.4169998168945 0 5
310 1 0.76 57.7929992675781 1 5
311 1 1.2 43.2719993591309 0 10
312 0 0.9 19.8400001525879 0 9
313 1 0.52 5.17999982833862 0 5
314 1 0.53 42.685001373291 0 8
315 0 0.64 5.16200017929077 1 8
316 1 1.96 38.9640007019043 1 10
317 1 0.59 58.0979995727539 0 9
318 1 1.48 61.5900001525879 0 9
319 1 1.78 32.5940017700195 0 0
320 1 1.41 30.1639995574951 0 5
321 1 1.5 18.5219993591309 0 5
322 1 1.86 24.7749996185303 0 12
323 1 1.6 35.4360008239746 1 5
324 1 0.7 31.3409996032715 0 10
325 0 0.51 15.5710000991821 1 5
326 1 2.48 27.1730003356934 0 0
327 1 0.63 49.0340003967285 0 10
328 1 1.07 135.320007324219 1 0
329 0 0.71 37.7779998779297 0 7
330 1 1.12 3.77900004386902 1 8
331 0 0.53 49.1689987182617 0 0
332 0 0.58 50.7239990234375 1 0
333 1 1.31 26.2169990539551 0 12
334 1 1.49 20.9139995574951 0 12
335 1 0.86 3.31200003623962 0 5
336 1 0.64 35.7150001525879 0 10
337 1 1.44 52.2919998168945 0 0
338 0 1.52 60.1459999084473 0 5
339 1 1.27 44.4609985351563 0 0
340 0 2.17 70.0220031738281 1 0
341 0 1.73 95.8079986572266 0 5
342 1 1.93 121.763999938965 0 9
343 1 2.2 127.566001892090 0 5
344 1 1.6 120.152999877930 0 8
345 1 1.65 66.2149963378906 0 0
346 0 0.81 54.9729995727539 1 0
347 0 1.86 73.2149963378906 0 5
348 0 1.93 33.3660011291504 1 5
349 1 1.9 87.3140029907227 0 5
350 0 4.06 95.3089981079102 0 5
351 1 4.03 128.095001220703 1 3
352 1 1.56 109.777000427246 0 10
353 0 2.53 138.578994750977 0 0
354 0 3.41 162.264007568359 0 0
355 0 2.21 155.785995483398 0 0
356 0 2.92 105.651000976563 0 5
357 0 2.06 93.9619979858398 0 5
358 1 3.89 72.1019973754883 0 5
359 1 2.88 55.548999786377 0 0
360 0 1.39 49.6959991455078 0 0
361 1 2.07 45.5110015869141 0 10
362 0 1.46 50.5820007324219 0 0
363 1 1.51 81.2060012817383 0 5
364 0 3.23 95.7710037231445 0 5
365 1 4.21 76.5080032348633 0 5
366 1 2.49 56.6380004882813 0 5
367 1 0.78 38.9819984436035 1 0
368 1 2.32 30.8369998931885 0 0
369 1 1.43 60.7190017700195 0 7
370 1 1.71 29.6009998321533 0 0
371 1 1.99 77.1350021362305 0 5
372 1 2.48 95.099998474121 0 0
373 1 4.29 50.3930015563965 1 10
374 1 3.88 49.7210006713867 0 0
375 1 3.04 72.5299987792969 1 0
376 1 3.36 25.6770000457764 1 10
377 1 3.44 8.02400016784668 1 10
378 0 1.38 63.6790008544922 0 5
379 0 1.9 53.314998626709 0 10
380 1 2.79 45.9780006408691 0 0
381 1 3.73 69.6179962158203 0 10
382 1 2.04 72.2170028686523 0 0
383 1 2.09 55.5519981384277 0 0
384 1 2.63 81.3789978027344 1 0
385 1 3.3 81.1320037841797 1 0
386 1 3.25 51.7089996337891 0 6
387 1 1.53 55.7789993286133 0 5
388 1 2.6 26.9729995727539 0 5
389 1 2 28.2150001525879 0 0
390 1 2.82 71.9609985351563 1 0
391 1 2.56 75.5260009765625 0 0
392 0 3.62 45.0699996948242 0 0
393 1 5.25 80.6800003051758 0 0
394 1 1.59 96.9400024414063 0 0
395 1 2.21 115.327003479004 0 0
396 1 2.42 108.546997070313 0 3
397 1 2.36 86.936996459961 0 0
398 1 1.22 94.1419982910156 0 0
399 1 3.93 81.8960037231445 1 0
400 0 4.93 54.9599990844727 0 0
401 1 1.91 46.6100006103516 0 0
402 1 2.33 68.0739974975586 0 0
403 1 2.18 102.398002624512 0 0
404 1 4.77 107.369003295898 1 0
405 1 3.79 84.8840026855469 0 0
406 1 3.48 84.890998840332 0 0
407 0 3.02 58.6829986572266 0 0
408 1 2.71 68.3140029907227 1 7
409 1 2.34 38.7809982299805 0 0
410 1 3.15 81.7580032348633 1 0
411 1 2.56 102.953002929688 1 5
412 1 3.34 107.480003356934 0 12
413 1 2.32 120.094001770020 1 10
414 1 3.62 135 1 10
415 1 1.02 71.7730026245117 0 0
416 1 3.26 33.1969985961914 1 0
417 1 1.61 47.0120010375977 1 7
418 1 1.16 60.3619995117188 1 0
419 0 1.01 128.848999023438 1 0
420 0 0.67 144.070999145508 1 9
421 0 3.17 110.425003051758 0 5
422 0 2.44 113.009002685547 1 0
423 0 2.26 78.9759979248047 0 7
424 1 1.65 52.9300003051758 1 7
425 1 3.86 14.0050001144409 0 5
426 1 3.32 18.4769992828369 1 5
427 1 3.19 61.9570007324219 0 0
428 1 3.42 66.0640029907227 1 10
429 1 1.66 60.3120002746582 0 0
430 1 3.35 74.9209976196289 0 9
431 1 3.09 73.838996887207 0 0
432 1 3.59 61.1720008850098 0 0
433 1 3.88 10.8090000152588 1 0
434 1 2.94 65.9029998779297 1 10
435 1 0.95 34.5279998779297 1 5
436 1 2.6 63.9090003967285 0 9
437 1 3.24 74.8489990234375 0 9
438 1 3.32 81.5550003051758 0 0
439 1 3.26 66.436996459961 0 5
440 1 3.27 60.4589996337891 0 0
441 1 3.4 43.4850006103516 0 0
442 1 2.91 116.441001892090 0 5
443 1 1.48 84.8740005493164 0 10
444 1 4.35 62.2919998168945 0 0
445 1 1.87 70.1029968261719 0 5
446 1 3.01 60.5610008239746 0 5
447 0 3.05 45.2120018005371 0 0
448 1 2.62 49.6980018615723 0 10
449 1 3.26 32.4490013122559 0 12
450 1 1.92 47.0190010070801 1 0
451 1 3.44 62.6189994812012 0 5
452 1 2.57 30.1790008544922 0 8
453 1 2.97 47.6469993591309 1 9
454 0 2.95 52.0989990234375 1 9
455 1 2.28 95.0739974975586 0 5
456 1 3.17 80.7030029296875 0 14
457 1 3.69 80.427001953125 0 5
458 0 3.08 81.5830001831055 1 5
459 1 2.86 47.3390007019043 1 5
460 0 1.95 44.9500007629395 1 5
461 1 1.78 29.7140007019043 0 0
462 0 2.2 45.5540008544922 0 5
463 1 1.71 31.5550003051758 0 5
464 0 3.86 58.2239990234375 0 0
465 1 3.45 40.8349990844727 0 6
466 1 3.97 47.8460006713867 0 7
467 1 1.39 9.77299976348877 0 0
468 0 4.81 185.205001831055 0 0
469 1 2.08 82.625 0 4
470 0 2.49 112.705001831055 1 5
471 0 1.83 98.0289993286133 1 0
472 0 1.24 112.143997192383 1 0
473 0 1.38 133.436004638672 0 10
474 0 1.54 163.552001953125 0 0
475 0 0.53 18.1469993591309 0 0
476 0 0.9 27.2450008392334 1 5
477 0 2.04 15.8889999389648 1 3
478 1 0.61 5.21600008010864 0 5
479 0 0.55 11.2740001678467 0 6
480 0 0.52 9.22000026702881 0 5
481 0 0.77 23.6760005950928 1 0
482 0 0.67 23.6760005950928 1 0
483 0 0.67 35.5029983520508 1 5
484 0 0.64 31.1100006103516 0 0
485 0 0.57 24.4349994659424 0 0
486 1 0.76 24.4349994659424 1 0
487 1 0.75 24.4349994659424 1 0
488 1 0.9 24.4349994659424 1 5
489 0 0.62 24.4349994659424 1 12
490 1 2.26 23.5179996490479 1 2
491 1 1.23 30.1359996795654 1 3
492 0 1.21 28.386999130249 1 0
493 1 2.33 6.13600015640259 0 10
494 0 1.2 6.13600015640259 1 0
495 1 2.38 24.4349994659424 0 12
496 1 2.82 24.4349994659424 0 12
497 0 3.29 6.13600015640259 1 0
498 0 1.52 6.13600015640259 1 5
499 0 0.54 55.7830009460449 1 3
500 0 0.86 11.6079998016357 1 5
501 1 2.3 19.7129993438721 0 0
502 1 1.67 24.1749992370605 1 0
503 0 2.3 3.71499991416931 1 5
504 1 0.86 30.8309993743896 0 14
505 0 0.53 12.5640001296997 1 8
506 0 1.63 12.5640001296997 1 5
507 0 2.05 12.5640001296997 1 7
508 0 1.71 58.6510009765625 1 0
509 0 0.54 45.1430015563965 0 0
510 1 1.47 6.32800006866455 0 2
511 1 0.73 6.32800006866455 0 5
512 1 0.61 6.32800006866455 0 12
513 1 0.59 6.32800006866455 1 0
514 1 0.86 24.132999420166 0 5
515 0 3.53 94.3470001220703 1 5
516 0 3.68 76.4860000610352 0 5
517 0 0.93 57.2270011901855 0 6
518 0 0.58 45.6100006103516 0 12
519 1 1.22 43.3819999694824 0 2
520 0 1.24 6.3289999961853 0 16
521 0 0.59 23.0990009307861 1 0
522 0 1.67 16.3579998016357 0 0
523 0 1.16 25.7110004425049 1 10
524 0 1.1 47.4879989624023 1 0
525 0 0.72 3.40700006484985 0 3
526 0 1.01 5.35799980163574 1 0
527 0 1.08 62.5019989013672 1 2
528 0 1.03 27.8700008392334 1 0
529 1 0.58 48.234001159668 1 2
530 0 0.51 31.7819995880127 1 14
531 1 0.64 3.25200009346008 1 7
532 1 2.38 3.25200009346008 1 14
533 0 1.53 3.25200009346008 1 5
534 1 2.72 3.25200009346008 1 8
535 1 3.84 3.25200009346008 0 0
536 0 0.92 3.25200009346008 1 5
537 0 0.64 3.25200009346008 1 0
538 0 0.56 13.6669998168945 1 3
539 1 0.56 21.1739997863770 1 0
540 0 3.55 12.7790002822876 0 0
541 0 0.55 50.3660011291504 1 0
542 1 0.58 29.4990005493164 1 0
543 0 0.57 34.3089981079102 0 0
544 0 0.53 4.875 1 0
545 1 0.64 15.7910003662109 0 0
546 0 0.56 16.1350002288818 1 0
547 0 0.71 7.17899990081787 1 0
548 0 0.75 20.2040004730225 0 0
549 0 0.69 21.2639999389648 0 5
550 0 0.82 32.7970008850098 1 4
551 0 0.93 27.9510002136230 0 3
552 0 0.52 33.5779991149902 1 0
553 1 0.57 14.8050003051758 0 3
554 0 0.69 11.1949996948242 0 0
555 0 0.51 10.2040004730225 0 5
556 1 0.82 21.1499996185303 1 4
557 1 0.7 15.8280000686646 0 5
558 1 0.96 8.56700038909912 1 12
559 1 0.53 14.7709999084473 1 5
560 0 0.72 38.8400001525879 1 5
561 0 0.68 33.2080001831055 1 5
562 0 0.81 7.53200006484985 1 5
563 0 0.7 38.7280006408691 1 12
564 1 1.04 4.12200021743774 1 3
565 1 2.72 24.4319992065430 1 6
566 1 1.24 24.3589992523193 1 4
567 1 0.6 8.19600009918213 0 3
568 1 0.71 3.90799999237061 1 2
569 0 2.66 9.00599956512451 0 5
570 1 1.5 22.2210006713867 1 2
571 1 1.83 18.3390007019043 1 2
572 1 0.51 14.1400003433228 1 5
573 0 0.95 19.3969993591309 1 12
574 0 0.61 25.007999420166 1 3
575 0 1.13 32.1269989013672 1 4
576 1 3.26 18.4160003662109 0 4
577 1 1.17 16.6369991302490 1 4
578 1 0.68 22.9549999237061 1 3
579 1 0.52 15.2950000762939 1 4
580 1 0.66 23.3640003204346 0 5
581 0 0.51 47.0260009765625 0 5
582 0 1.21 36.1080017089844 0 4
583 0 0.59 86.9789962768555 0 4
584 1 0.99 38.9039993286133 0 0
585 1 0.66 19.3239994049072 1 9
586 0 0.51 1.64600002765656 1 12
587 1 1.15 18.5930004119873 1 0
588 0 0.68 20.0510005950928 1 5
589 0 0.53 11.8299999237061 1 12
590 0 0.63 33.3040008544922 1 5
591 1 2.05 8.02099990844727 1 5
592 0 0.73 19.8159999847412 0 0
593 0 0.91 21.2679996490479 1 4
594 0 0.82 17.492000579834 1 5
595 0 0.67 29.7140007019043 1 4
596 1 0.85 25.7859992980957 0 3
597 0 0.81 23.8950004577637 0 4
598 0 0.59 11.5810003280640 1 5
599 0 0.65 26.8500003814697 1 9
600 0 0.53 13.5780000686646 1 14
601 0 0.58 25.7000007629395 1 10
602 0 0.56 12.0699996948242 1 10
603 0 0.95 7.69399976730347 0 8
604 0 0.61 22.1550006866455 0 8
605 0 0.72 8.82800006866455 0 9
606 1 0.7 19.6439990997314 1 12
607 0 0.58 36.3930015563965 0 9
608 0 1.03 39.0589981079102 1 8
609 1 0.67 51.890998840332 0 0
610 1 0.57 30.5520000457764 0 8
611 0 0.85 34.3050003051758 1 6
612 1 0.72 40.3930015563965 1 8
613 1 0.78 16.8129997253418 1 8
614 0 0.52 26.1979999542236 0 10
615 0 0.54 11.6999998092651 1 5
616 0 0.61 51.4659996032715 1 4
617 1 1.1 131.77099609375 1 12
618 1 1.07 119.158996582031 1 12
619 1 0.65 128.785995483398 0 12
620 1 1.25 101.017997741699 1 10
621 1 1.19 99.9140014648438 1 12
622 0 1.21 90.4580001831055 1 5
623 1 0.76 79.1959991455078 1 12
624 0 0.9 65.9599990844727 0 8
625 1 1.15 80.8939971923828 1 12
626 0 0.58 50.5299987792969 0 4
627 1 2.95 24.0249996185303 1 0
628 1 2.71 81.9830017089844 0 3
629 0 0.96 71.0810012817383 1 8
630 1 2.34 83.4349975585938 0 8
631 1 2.37 84.3030014038086 0 7
632 1 1.34 8.51399993896484 0 12
633 1 3.16 122.855003356934 0 3
634 0 1.4 23.0699996948242 1 5
635 1 3.18 114.658996582031 0 8
636 0 2.95 126.319000244141 0 0
637 0 3.27 136.210006713867 1 0
638 0 1.93 155.419998168945 0 5
639 0 2.86 178.755996704102 1 5
640 0 2.28 58.6479988098145 1 8
641 1 2.07 13.875 1 5
642 1 3.5 25.882999420166 1 5
643 1 4.54 30.6809997558594 0 5
644 1 3.92 36.0629997253418 1 8
645 1 1.65 28.1840000152588 1 7
646 1 2.07 47.8310012817383 1 0
647 1 2.97 25.7999992370605 0 12
648 1 3.91 49.1479988098145 1 9
649 1 3.29 48.2099990844727 1 4
650 1 2.61 35.5029983520508 0 0
651 1 2.63 38.4119987487793 0 3
652 1 1.54 66.302001953125 1 5
653 1 2.61 54.6839981079102 1 5
654 1 0.9 18.0189990997314 1 8
655 1 2.44 44.1539993286133 1 2
656 1 2.72 47.4140014648438 1 6
657 1 3.86 33.4249992370605 0 4
658 1 1.26 55.5769996643066 1 12
659 1 3.98 33.1160011291504 1 8
660 1 2.22 11.4490003585815 1 6
661 0 2.28 28.7390003204346 1 7
662 1 1.62 23.2350006103516 1 12
663 1 1.08 27.1000003814697 1 12
664 1 1.78 23.8339996337891 1 12
665 1 0.6 25.6690006256104 1 12
666 1 0.63 14.1660003662109 1 8
667 1 2.1 28.4799995422363 1 12
668 1 2.06 16.9650001525879 1 8
669 1 2.98 25.613000869751 1 0
670 1 2.12 35.8899993896484 0 14
671 1 1.71 13.2989997863770 0 8
672 1 2.44 25.6599998474121 1 8
673 1 2.59 29.0219993591309 0 6
674 0 1.92 31.6299991607666 1 5
675 1 1.92 23.9449996948242 0 5
676 1 0.83 55.8320007324219 1 5
677 1 1.76 50.4500007629395 1 5
678 1 1.84 57.4360008239746 1 4
679 1 2.14 89.2669982910156 1 0
680 1 2.48 122.836997985840 1 0
681 0 1.7 144.634994506836 1 5
682 1 3.33 166.294006347656 0 0
683 0 1.78 157.240005493164 0 5
684 1 2.15 151.139007568359 1 0
685 1 1.36 157.932998657227 1 9
686 1 1.95 165.998001098633 1 8
687 1 4.42 188.102005004883 1 5
688 1 1.39 174.514999389648 1 10
689 1 0.62 65.6999969482422 0 12
690 1 1.63 61.125 0 12
691 0 0.86 25.2469997406006 0 12
692 0 0.92 2.23900008201599 0 10
693 0 0.51 25.5380001068115 1 8
694 0 1.96 9.4020004272461 1 12
695 0 0.91 27.1940002441406 1 12
696 1 0.6 25.9039993286133 1 12
697 1 0.73 18.0149993896484 1 10
698 1 0.63 9.0609998703003 1 4
699 0 3.47 30.5100002288818 0 12
700 1 1.19 51.273998260498 1 3
701 1 1.31 35.8919982910156 1 6
702 1 0.9 42.5499992370605 1 5
703 1 2.39 30.1159992218018 0 12
704 1 2.31 27.8600006103516 0 12
705 1 1.21 45.5139999389648 1 10
706 1 1.06 42.5359992980957 0 4
707 1 2.17 48.6040000915527 0 8
708 1 1.82 43.7319984436035 0 12
709 1 1.51 31.0890007019043 1 8
710 1 1.6 35.3429985046387 0 9
711 1 0.85 32.1010017395020 0 8
712 1 1.44 30.4449996948242 0 4
713 1 1.64 43.0769996643066 1 10
714 1 0.68 28.367000579834 0 8
715 1 1.68 28.742000579834 1 5
716 1 1.64 23.1310005187988 1 9
717 1 0.71 15.0050001144409 0 7
718 1 1.31 45.064998626709 1 0
719 1 1.15 51.625 0 2
720 1 1.03 8.55300045013428 1 8
721 1 2.25 8.7170000076294 1 8
722 1 1.42 4.64699983596802 0 5
723 0 0.62 20.0639991760254 1 4
724 1 3.04 18.2169990539551 0 5
725 1 1.39 32.4039993286133 0 5
726 0 0.52 48.390998840332 0 5
727 0 1.07 23.6480007171631 0 5
728 0 0.53 44.5839996337891 0 10
729 1 0.87 21.9610004425049 1 5
730 0 1.22 21.9610004425049 1 5
731 0 0.91 14.0030002593994 1 5
732 0 0.65 34.4939994812012 1 12
733 0 2.19 67.2399978637695 1 15
734 0 2.45 70.5380020141602 1 15
735 1 1.71 91.9830017089844 1 14
736 1 2.89 35.5789985656738 1 5
737 1 2.73 35.5789985656738 1 10
738 1 1.55 4.41400003433228 1 0
739 1 1.28 71.4079971313477 0 3
740 1 1.34 75.2330017089844 1 8
741 1 2.01 95.1809997558594 0 9
742 0 2.29 102.113998413086 0 6
743 0 2.59 114.486999511719 1 5
744 1 3.34 113.726997375488 0 16
745 1 2.76 123.794998168945 0 8
746 1 2.51 113.424003601074 1 6
747 1 2.42 143.070999145508 0 0
748 0 3.51 152.518997192383 0 5
749 1 3.19 142.869003295898 0 6
750 1 2.58 134.600006103516 0 8
751 1 2.18 126.942001342773 1 5
752 1 4.51 118.816001892090 0 0
753 1 3.29 110.699996948242 0 5
754 1 3.31 89.1900024414063 0 5
755 0 2.98 79.6750030517578 1 8
756 1 1.07 132.945999145508 1 6
757 0 2.63 125.524002075195 0 5
758 0 1.29 115.388999938965 0 5
759 1 3.38 99.0210037231445 1 6
760 1 0.83 117.010002136230 1 5
761 1 2.56 75.6060028076172 1 5
762 0 0.56 69.7829971313477 0 9
763 0 1.59 52.181999206543 0 5
764 0 2.87 134.098999023438 1 9
765 0 1.11 95.4670028686523 1 8
766 0 1.09 64.9980010986328 0 8
767 0 2.89 43.5979995727539 1 5
768 0 0.67 33.7089996337891 1 4
769 0 1.08 20.0090007781982 1 0
770 0 1.71 22.6200008392334 1 5
771 0 2.83 106.488998413086 0 0
772 1 2.59 137.815994262695 0 5
773 1 2.2 155.507995605469 0 12
774 1 2.04 152.160995483398 0 12
775 0 1.78 202.134002685547 0 0
776 0 1.94 170.427993774414 0 4
777 0 1.36 120.763999938965 1 5
778 1 3.25 131.179000854492 0 4
779 0 1.38 72.359001159668 0 4
780 1 1.51 50.5830001831055 1 4
781 0 0.84 75.3690032958984 0 8
782 0 0.98 79.3600006103516 0 5
783 0 0.9 93.5859985351563 1 5
784 0 1.32 80.1839981079102 1 6
785 0 1.59 82.6709976196289 1 5
786 0 3.07 70.7779998779297 0 10
787 0 0.85 34.5099983215332 0 10
788 0 1.29 56.734001159668 1 5
789 0 2.53 49.6209983825684 0 5
790 0 1.53 73.9049987792969 1 0
791 0 1.75 68.7809982299805 1 0
792 0 1.11 52.9290008544922 1 5
793 1 3.27 134.875 1 0
794 0 2.43 150.192993164063 1 2
795 0 1.57 138.024002075195 0 5
796 0 2.22 119.652999877930 1 5
797 0 2.95 112.577003479004 1 0
798 0 1.59 17.4179992675781 0 0
799 0 2.54 28.7129993438721 1 5
800 0 1.06 38.2239990234375 1 5
801 1 0.79 39.6759986877441 0 0
802 1 2.41 13.2659997940063 1 0
803 0 1.23 19.0909996032715 1 0
804 0 1.79 19.7439994812012 1 0
805 0 2.56 77.4390029907227 1 4
806 1 2.6 132.369995117188 1 0
807 0 3.01 67.0739974975586 1 0
808 0 2.88 38.8520011901855 1 5
809 0 2.7 16.7810001373291 0 5
810 0 3.66 28.7630004882813 1 0
811 0 0.93 14.2430000305176 1 6
812 0 1.17 32.9560012817383 1 5
813 0 4.46 38.9539985656738 1 5
814 0 2.11 67.3840026855469 1 5
815 0 3.17 82.802001953125 1 0
816 0 3.65 104.232002258301 1 5
817 0 1.8 54.1529998779297 1 5
818 0 5.6 53.2130012512207 1 0
819 0 4.18 31.6650009155273 1 5
820 1 4.78 45.9440002441406 0 5
821 1 4.07 37.3860015869141 0 5
822 1 4.74 14.6269998550415 0 5
823 1 4.81 27.6009998321533 0 10
824 1 4.65 35.8839988708496 1 10
825 1 1.53 52.1920013427734 0 5
826 1 2.7 31.621000289917 0 5
827 1 3.89 82.3820037841797 1 0
828 0 3.44 97.4029998779297 0 5
829 0 2.74 124.050003051758 1 0
830 0 3.21 126.800003051758 1 5
831 1 3.17 117.899002075195 1 5
832 0 1.29 115.013000488281 1 5
833 0 5.81 9.37199974060059 1 0
834 1 4.83 50.5970001220703 1 5
835 1 4.48 17.3320007324219 1 5
836 1 4.2 32.4249992370605 1 0
837 1 1.93 62.1949996948242 1 5
838 1 0.83 108.349998474121 1 5
839 1 3.86 67.1169967651367 1 0
840 1 4.39 66.4980010986328 1 5
841 1 3.57 52.7919998168945 1 5
842 0 3.32 72.0979995727539 1 5
843 1 3.07 92.988998413086 1 5
844 1 4.07 72.3779983520508 1 5
845 1 3.63 111.593002319336 1 10
846 1 3.39 112.913002014160 1 5
847 1 2.61 84.7040023803711 0 5
848 1 1.29 67.7880020141602 1 5
849 1 1.97 96.7969970703125 1 5
850 1 3.31 81.5149993896484 1 12
851 1 3.68 94.6389999389648 1 12
852 1 4.05 96.4820022583008 0 10
853 0 3.23 75.1129989624023 1 0
854 1 4.64 57.2120018005371 0 5
855 1 4.51 50.2560005187988 0 5
856 0 1.32 31.1000003814697 0 12
857 1 0.71 18.0370006561279 0 10
858 1 1.18 12.0220003128052 1 10
859 0 0.58 22.8649997711182 1 5
860 1 1.44 38.3899993896484 1 0
861 1 0.56 19.2600002288818 0 5
862 1 0.99 21.3729991912842 1 0
863 0 1.48 7.85799980163574 1 5
864 0 1.46 35.1640014648438 1 0
865 1 1.62 63.0060005187988 1 5
866 0 1.72 72.2249984741211 1 0
867 0 1.32 74.6600036621094 1 5
868 0 1 58.3969993591309 1 5
869 1 0.74 50.818000793457 1 5
870 1 1.07 41.390998840332 0 5
871 1 1.1 39.5460014343262 1 0
872 1 0.61 30.5820007324219 1 5
873 1 0.93 25.7280006408691 1 0
874 1 1.3 26.6049995422363 1 5
875 1 0.7 16.5790004730225 1 5
876 0 1.27 19.0540008544922 1 0
877 1 0.64 10.5810003280640 1 5
878 0 0.64 19.5779991149902 0 5
879 1 0.73 10.9390001296997 0 12
880 0 0.54 9.42300033569336 1 5
881 1 0.61 18.9370002746582 1 5
882 1 0.86 23.8020000457764 1 5
883 0 1.05 15.7100000381470 1 8
884 1 1.23 32.9980010986328 1 10
885 0 0.67 32.1990013122559 0 12
886 1 0.66 102.055999755859 1 4
887 0 0.57 12.8500003814697 1 5
888 0 0.55 21.9020004272461 1 5
889 1 2.34 41.3339996337891 0 0
890 1 1.31 42.310001373291 1 5
891 1 0.87 39.5110015869141 0 9
892 1 0.71 16.632999420166 0 0
893 1 0.66 24.9489994049072 0 0
894 0 1.47 42.0900001525879 0 0
895 0 0.88 48.9269981384277 0 0
896 1 0.86 14.5220003128052 0 10
897 1 0.82 49.6450004577637 1 12
898 0 0.69 56.8219985961914 1 5
899 0 0.61 15.6009998321533 0 8
900 0 1.01 43.0270004272461 1 0
901 1 1.5 43.507999420166 1 5
902 1 1.19 78.7210006713867 1 5
903 1 1.56 52.734001159668 1 5
904 1 1.39 48.5579986572266 0 5
905 1 0.64 21.8920001983643 1 10
906 1 0.6 24.0659999847412 1 0
907 1 0.82 26.4260005950928 1 10
908 1 1.19 56.6240005493164 0 5
909 1 0.93 35.0750007629395 0 5
910 1 1.1 29.5779991149902 1 5
911 0 1.47 21.3400001525879 1 0
912 1 1.58 21.0090007781982 1 14
913 1 2.04 7.93800020217896 1 0
914 0 0.54 35.1609992980957 0 0
915 1 0.72 10.0609998703003 1 0
916 1 0.69 46.2560005187988 1 5
917 0 1.41 48.6049995422363 1 0
918 0 0.85 24.3780002593994 1 8
919 0 1.32 27.5919990539551 1 9
920 0 1.89 43.5309982299805 1 0
921 0 1.51 91.6449966430664 1 0
922 1 1.86 92.8679962158203 1 5
923 1 6.76 70.9010009765625 0 9
924 1 3.19 67.4960021972656 1 10
925 1 6.32 27.4069995880127 0 0
926 1 2.4 57.1590003967285 0 11
927 1 0.88 19.6189994812012 1 8
928 0 0.54 11.3009996414185 0 5
929 1 0.8 41.515998840332 0 5
930 0 0.74 13.1169996261597 1 10
931 1 4.2 26.8330001831055 1 5
932 1 1.43 23.3729991912842 0 10
933 1 2.69 2.89499998092651 0 11
934 0 0.74 4.5939998626709 0 0
935 1 0.63 42.2200012207031 1 0
936 1 0.83 60.3639984130859 0 4
937 0 1.12 69.1549987792969 0 5
938 1 1.16 59.6590003967285 0 9
939 0 0.93 57.2879981994629 1 5
940 1 1.22 56.2560005187988 1 10
941 0 1.09 16.7800006866455 0 5
942 0 1.67 34.0900001525879 0 0
943 1 1.09 33.1679992675781 1 5
944 1 0.97 12.0059995651245 1 7
945 0 1.25 51.5149993896484 0 5
946 1 1.66 60.2939987182617 0 7
947 0 1.15 27.8110008239746 1 6
948 1 1.15 44.9199981689453 1 0
949 0 1.21 55.1529998779297 0 0
950 1 1.64 66.2570037841797 1 5
951 0 1.74 51.1629981994629 0 0
952 0 1.08 49.5190010070801 1 0
953 0 1.09 19.1369991302490 1 4
954 0 2.27 33.9949989318848 1 5
955 0 1.46 34.0670013427734 0 0
956 0 1.35 45.4070014953613 0 0
957 1 3.65 76.3030014038086 1 5
958 0 1.18 55.5870018005371 1 0
959 0 0.54 79.697998046875 1 0
960 0 1.01 92.0139999389648 0 6
961 1 1.5 76.6470031738281 1 8
962 1 1.63 78.8679962158203 0 5
963 1 0.76 62.326000213623 0 8
964 1 0.67 54.056999206543 1 5
965 1 1.14 16.9979991912842 1 5
966 0 0.73 3.38000011444092 1 0
967 1 1.6 50.7169990539551 1 10
968 1 2.3 22.3260002136230 0 11
969 0 0.61 59.9259986877441 1 0
970 1 0.65 162.921005249023 0 5
971 0 0.66 163.680999755859 0 0
972 0 0.51 33.7449989318848 0 0
973 0 0.65 72.8649978637695 0 5
974 0 3.42 153.356994628906 0 5
975 0 2.82 213.714996337891 1 5
976 0 1.32 98.9899978637695 0 0
977 0 1.89 93.1709976196289 1 0
978 0 1.37 85.3889999389648 0 0
979 0 1.38 70.6480026245117 0 5
980 0 2.39 50.5690002441406 0 0
981 0 0.82 28.9969997406006 1 0
982 0 0.61 84.6849975585938 0 0
983 0 2.97 75.0260009765625 0 0
984 0 1.11 11.2379999160767 0 0
985 0 1.54 96.4089965820313 0 5
986 0 1.19 103.411003112793 1 0
987 0 2.37 49.2980003356934 1 0
988 0 2.54 40.5740013122559 1 0
989 0 0.64 90.5490036010742 0 5
990 0 1.95 114.900001525879 0 5
991 0 1.85 84.7519989013672 0 5
992 0 1.3 88.218002319336 0 5
993 1 0.78 42.5690002441406 0 0
994 1 1.88 39.7929992675781 0 0
995 1 1.11 3.39299988746643 0 5
996 0 0.75 10.3330001831055 1 5
997 1 1.18 15.5959997177124 1 8
998 0 0.59 32.4550018310547 1 9
999 1 0.79 23.3799991607666 0 8
1000 1 1.24 26.4869995117188 0 10
1001 1 0.97 20.7180004119873 0 5
1002 1 0.73 8.64900016784668 1 8
1003 1 0.82 24.7940006256104 1 9
1004 0 0.75 17.5900001525879 0 0
1005 0 1.05 42.5169982910156 1 0
1006 0 0.53 27.7329998016357 0 0
1007 1 0.55 11.4560003280640 0 0
1008 0 0.83 23.3810005187988 1 0
1009 1 0.51 32.4879989624023 1 8
1010 1 0.74 31.2150001525879 0 5
1011 1 0.75 12.2410001754761 1 5
1012 0 0.65 35.4780006408691 1 8
1013 1 1.04 39.5410003662109 0 5
1014 1 1.47 40.0449981689453 0 10
1015 0 1.07 2.10899996757507 0 8
1016 1 2.11 23.1089992523193 0 7
1017 0 1.5 7.36999988555908 0 11
1018 0 1.8 16.6860008239746 1 0
1019 1 1.8 25.9710006713867 0 0
1020 1 2.65 7.76300001144409 1 11
1021 1 1.9 8.9670000076294 1 0
1022 0 1.71 13.5729999542236 1 0
1023 0 2.44 45.5330009460449 0 5
1024 1 0.52 32.5309982299805 0 5
1025 1 0.99 40.9480018615723 1 11
1026 1 0.93 58.7459983825684 0 0
1027 0 0.95 55.1100006103516 0 7
1028 0 1.56 26.7220001220703 0 8
1029 0 1.48 19.1569995880127 0 0
1030 1 1.53 16.2320003509521 0 10
1031 1 1.48 23.8390007019043 1 0
1032 1 1.06 57.3409996032715 0 10
1033 0 1.03 53.8120002746582 0 0
1034 0 0.67 18.8659992218018 0 10
1035 0 0.58 26.4820003509521 0 10
1036 1 0.67 27.9290008544922 0 0
1037 0 0.56 27.4120006561279 1 0
1038 1 0.69 33.4300003051758 0 12
1039 1 0.83 48.3339996337891 0 5
1040 1 1.11 61.4070014953613 0 0
1041 0 0.63 59.6419982910156 1 6
1042 1 1.22 34.2820014953613 0 0
1043 1 0.98 38.7849998474121 0 9
1044 1 1.04 35.7490005493164 0 11
1045 1 0.94 41.5890007019043 0 0
1046 0 2.16 5.3600001335144 0 10
1047 1 0.93 24.5009994506836 0 7
1048 0 0.53 23.7919998168945 0 8
1049 1 0.98 29.7159996032715 0 5
1050 0 0.75 28 0 5
1051 1 0.6 45.0279998779297 1 4
1052 1 1.47 48.7729988098145 1 0
1053 1 2.41 43.5589981079102 0 5
1054 1 0.75 78.5329971313477 1 8
1055 0 1.02 84.3929977416992 0 5
1056 0 1.28 88.4189987182617 1 5
1057 0 1.16 124.914001464844 1 5
1058 0 1.46 150.210998535156 0 5
1059 0 1.34 110.517997741699 1 5
1060 1 2 79.3160018920898 1 0
1061 1 1.15 41.9739990234375 0 6
1062 1 1.09 59.7949981689453 0 10
1063 1 1.38 102.739997863770 1 10
1064 1 1.99 91.3730010986328 1 8
1065 1 2.21 134.421005249023 0 8
1066 1 1.67 152.891006469727 1 0
1067 0 1.49 49.5449981689453 1 0
1068 0 1.24 39.0690002441406 1 0
1069 1 1.57 111.248001098633 1 5
1070 1 0.75 69.3899993896484 1 0
1071 1 1.19 28.882999420166 0 0
1072 0 1.39 11.2089996337891 1 5
1073 1 0.98 36.3489990234375 1 0
1074 1 1.13 30.2099990844727 1 0
1075 1 0.72 32.0999984741211 1 0
1076 1 0.95 17.9969997406006 1 0
1077 1 1.51 29.5340003967285 1 0
1078 1 1.35 17.1539993286133 1 0
1079 1 1.42 12.4029998779297 1 0
1080 0 1.43 38.1459999084473 1 10
1081 0 0.75 22.7380008697510 0 0
1082 0 0.98 10.3970003128052 0 8
1083 1 0.72 5.27199983596802 1 0
1084 1 1.89 20.5139999389648 1 0
1085 0 1.72 36.0069999694824 0 9
1086 0 1.92 29.4409999847412 0 0
1087 0 0.55 17.6389999389648 1 10
1088 0 0.53 32.5060005187988 0 5
1089 1 1.29 35.6689987182617 1 7
1090 1 0.76 35.6689987182617 0 11
1091 0 0.53 39.9550018310547 0 4
1092 1 0.7 60.4790000915527 1 8
1093 0 0.62 84.7519989013672 0 0
1094 0 0.69 60.7509994506836 0 6
1095 1 0.98 24.507999420166 0 0
1096 1 0.93 32.9910011291504 1 10
1097 0 1.23 17.2590007781982 0 0
1098 0 0.94 8.52400016784668 1 9
1099 1 1.05 54.193000793457 1 0
1100 0 0.85 32.2879981994629 1 8
1101 0 0.82 36.568000793457 0 0
1102 0 0.72 49.7610015869141 0 0
1103 0 0.61 41.0979995727539 0 0
1104 0 0.72 12.1040000915527 0 0
1105 1 1.14 66.4540023803711 0 5
1106 0 0.69 37.6959991455078 0 0
1107 0 1.02 22.3250007629395 0 0
1108 1 0.62 43.9539985656738 0 4
1109 0 0.57 21.9699993133545 0 5
1110 0 0.52 24.0480003356934 0 0
1111 0 0.52 21.1459999084473 0 11
1112 0 0.51 13.9639997482300 0 0
1113 0 0.65 22.2830009460449 1 5
1114 0 0.68 11.0609998703003 0 0
1115 0 3.73 173.871994018555 0 10
1116 0 1.14 89.2279968261719 0 0
1117 1 1.35 16.6439990997314 0 12
1118 0 1 5.46099996566772 0 12
1119 0 1.78 23.1730003356934 0 0
1120 0 0.75 16.1560001373291 0 12
1121 0 0.66 22.4080009460449 0 0
1122 0 0.63 14.2159996032715 0 5
1123 1 1.18 36.0530014038086 0 5
1124 1 1.05 11.5069999694824 0 10
1125 0 1.43 8.28699970245361 1 14
1126 0 0.81 12.2259998321533 1 3
1127 0 1.25 35.4500007629395 0 10
1128 0 0.96 10.0299997329712 0 7
1129 0 0.53 18.9330005645752 0 0
1130 0 0.71 11.0150003433228 1 8
1131 0 1.78 13.1949996948242 0 7
1132 0 1.32 34.7220001220703 0 5
1133 0 0.56 24.6949996948242 0 0
1134 1 1.21 39.8720016479492 0 0
1135 1 1.44 33.1520004272461 0 10
1136 1 1.63 26.7399997711182 0 8
1137 0 0.87 6.85599994659424 1 10
1138 1 0.56 34.9690017700195 0 5
1139 1 1.92 10.3979997634888 1 0
1140 0 0.91 38.931999206543 1 5
1141 1 1.34 33.9059982299805 1 5
1142 1 1.43 27.0259990692139 1 12
1143 0 1 45.6860008239746 0 13
1144 1 0.65 8.2770004272461 0 10
1145 0 1.49 12.5979995727539 0 4
1146 1 0.71 28.2250003814697 1 10
1147 1 1.03 39.9339981079102 0 9
1148 0 1.05 7.24200010299683 0 0
1149 1 0.89 40.0709991455078 0 12
1150 1 3.03 57.1049995422363 0 8
1151 1 4.77 38.882999420166 0 5
1152 1 1.1 59.5180015563965 0 10
1153 1 1.37 40.5449981689453 0 0
1154 1 1.41 21.2959995269775 0 0
1155 1 1.27 33.4389991760254 0 8
1156 1 0.93 34.5029983520508 0 10
1157 1 0.91 16.2280006408691 0 0
1158 1 1.04 51.7389984130859 0 0
1159 1 1.54 41.6549987792969 0 5
1160 1 0.92 48.0120010375977 0 5
1161 1 1.64 40.2379989624023 0 5
1162 1 1.43 31.3339996337891 0 0
1163 1 0.85 16.9440002441406 0 0
1164 1 0.71 17.9589996337891 0 5
1165 1 0.96 17.7670001983643 0 0
1166 1 0.75 22.6790008544922 0 0
1167 1 1.29 32.9659996032715 1 0
1168 1 0.87 21.9389991760254 0 0
1169 1 0.58 37.3089981079102 0 0
1170 1 0.73 14.4149999618530 0 10
1171 1 1.8 17.1840000152588 0 10
1172 1 1.82 63.5620002746582 0 0
1173 1 1.66 62.9599990844727 0 0
1174 1 0.88 46.5270004272461 0 0
1175 0 1.23 39.7809982299805 0 0
1176 1 1.71 29.2119998931885 0 0
1177 1 0.87 25.4160003662109 0 5
1178 1 0.76 21.4209995269775 0 0
1179 0 2.01 35.2190017700195 0 0
1180 1 1.74 40.7849998474121 0 0
1181 0 1.78 46.9720001220703 0 0
1182 0 1.74 83.9049987792969 0 0
1183 0 2.22 35.1800003051758 0 5
1184 0 1.29 156.018005371094 0 0
1185 0 2.87 116.516998291016 0 0
1186 0 1.71 111.880996704102 0 5
1187 1 2.21 114.776000976563 0 10
1188 1 2.58 119.876998901367 1 8
1189 1 1.69 150.330993652344 0 0
1190 1 0.7 61.2159996032715 0 0
1191 1 1.45 44.7550010681152 0 0
1192 1 1.2 34.742000579834 0 0
1193 1 1.22 58.5359992980957 0 0
1194 0 1.36 49.7910003662109 0 5
1195 1 1.12 57.4410018920898 0 0
1196 1 0.88 16.0330009460449 0 5
1197 1 1.64 19.4230003356934 1 5
1198 1 1.37 15.2980003356934 1 5
1199 1 1.01 8.14000034332275 0 5
1200 0 0.62 34.9580001831055 0 5
1201 1 1.14 41.5369987487793 0 10
1202 0 1.69 50.3950004577637 0 5
1203 1 2.38 49.7620010375977 0 5
1204 1 1.51 32.2490005493164 1 0
1205 1 1.28 23.2670001983643 1 0
1206 0 1.4 34.2929992675781 0 0
1207 0 1.2 50.8320007324219 1 0
1208 0 1.14 46.4090003967285 0 0
1209 0 2.08 31.7229995727539 0 5
1210 0 1.7 17.8840007781982 0 0
1211 1 1.07 20.6979999542236 0 5
1212 0 1.19 25.7940006256104 0 0
1213 1 1.32 42.3120002746582 0 4
1214 1 2.01 43.7369995117188 0 5
1215 0 2.88 38.7459983825684 0 5
1216 1 1.24 15.0550003051758 0 5
1217 0 2.89 7.55299997329712 0 5
1218 1 2.77 26.5049991607666 0 5
1219 1 0.78 35.5870018005371 0 11
1220 0 1.99 18.8199996948242 0 5
1221 1 2.25 25.5149993896484 0 5
1222 1 1.41 14.7910003662109 0 5
1223 0 0.66 8.7209997177124 0 5
1224 1 0.62 4.13600015640259 0 0
1225 1 1.28 19.2740001678467 0 0
1226 1 1.51 31.3470001220703 0 0
1227 1 0.75 30.9449996948242 0 0
1228 1 0.79 35.8720016479492 0 0
1229 1 0.63 50.4580001831055 0 0
1230 1 0.68 53.818000793457 0 0
1231 1 1.25 52.1319999694824 0 0
1232 1 1.09 54.0169982910156 0 0
1233 0 0.66 49.0550003051758 0 0
1234 1 1.11 39.1030006408691 0 0
1235 1 2.2 35.484001159668 0 0
1236 1 1.01 53.8450012207031 0 0
1237 0 0.56 49.4410018920898 0 0
1238 0 0.64 69.0849990844727 0 0
1239 1 0.67 65.2750015258789 0 0
1240 1 1.11 88.0429992675781 0 0
1241 1 1.38 62.625 0 0
1242 0 0.85 62.048999786377 0 0
1243 0 0.8 69.1989974975586 0 0
1244 1 1.26 42.8030014038086 0 0
1245 0 1.96 36.875 0 0
1246 0 0.92 36.4939994812012 0 0
1247 0 0.87 48.3889999389648 0 6
1248 1 3.93 24.9479999542236 0 0
1249 1 1.01 32.7620010375977 0 0
1250 0 1.81 60.5789985656738 0 0
1251 0 3.92 82.870002746582 0 0
1252 0 1.68 62.5139999389648 0 0
1253 1 1.23 64.1149978637695 0 0
1254 1 0.75 82.0270004272461 0 0
1255 1 0.74 38.9469985961914 0 0
1256 1 1.2 34.3310012817383 0 0
1257 1 2.04 39.4220008850098 0 0
1258 0 1.34 26.5179996490479 0 0
1259 0 1.19 29.2150001525879 0 0
1260 0 0.63 49.8540000915527 0 0
1261 0 1.13 97.5130004882813 0 0
1262 0 2.24 90.9240036010742 0 0
1263 0 2.21 80.8440017700195 0 0
1264 0 1.35 54.5050010681152 0 0
1265 1 0.64 57.7369995117188 0 0
1266 1 2 89.9710006713867 0 0
1267 0 2.85 87.0189971923828 1 0
1268 0 2.09 87.140998840332 0 0
1269 0 1.9 68.4229965209961 0 0
1270 1 3.58 94.0869979858398 0 0
1271 0 3.31 83.3099975585938 0 0
1272 1 0.89 16.4340000152588 0 0
1273 0 0.6 59.7610015869141 0 0
1274 0 2.47 37.5789985656738 0 0
1275 1 1.76 44.4720001220703 1 8
1276 1 2.87 53.564998626709 1 10
1277 1 2.82 47.2849998474121 1 10
1278 1 1.7 66.9189987182617 0 0
1279 1 1.81 51.2509994506836 0 0
1280 1 2.43 39.3510017395020 0 0
1281 0 0.51 59.2840003967285 0 0
1282 1 2.55 54.2410011291504 0 0
1283 1 1.91 55.2060012817383 0 0
1284 1 2.17 33.609001159668 0 0
1285 1 1.23 75.4710006713867 0 9
1286 1 3.17 19.2240009307861 0 0
1287 1 1.37 5.51200008392334 0 0
1288 1 2.4 17.1650009155273 0 0
1289 1 1.71 19.2590007781982 0 0
1290 1 2.92 12.9670000076294 0 0
1291 1 1.81 20.5170001983643 0 0
1292 1 2.86 39.7529983520508 0 0
1293 1 3.16 41.4620018005371 0 0
1294 1 2.63 71.7490005493164 0 0
1295 1 1.91 59.4710006713867 0 0
1296 1 1.1 27.4650001525879 0 10
1297 1 4.68 82.8140029907227 0 0
1298 1 4.27 76.916000366211 0 0
1299 1 2.31 40.6980018615723 0 0
1300 1 1.6 15.3579998016357 0 0
1301 1 2.47 17.7310009002686 0 0
1302 0 2.3 11.0410003662109 1 10
1303 1 1.77 33.2529983520508 0 10
1304 1 2.24 33.3300018310547 0 10
1305 1 3.09 50.0449981689453 0 5
1306 1 0.58 54.798999786377 0 8
1307 1 1.79 47.4269981384277 0 0
1308 1 2.95 60.5419998168945 0 0
1309 1 3.67 77.9830017089844 0 6
1310 1 1.63 82.75 1 7
1311 1 2.21 57.5709991455078 0 9
1312 1 2.2 82.7590026855469 0 0
1313 1 1.37 106.053001403809 0 9
1314 1 1.25 78.6790008544922 0 9
1315 1 2.59 9.99400043487549 0 10
1316 1 1.71 100.549003601074 0 10
1317 1 3.03 10.3660001754761 0 12
1318 1 1.06 6.11499977111816 0 0
1319 1 2.52 25.0030002593994 0 10
1320 1 1 28.4309997558594 0 6
1321 0 2.05 29.3299999237061 1 4
1322 0 1.44 25.1499996185303 0 10
1323 0 1.46 9.29500007629395 0 5
1324 1 1.32 12.503999710083 0 5
1325 1 0.52 7.72800016403198 1 0
1326 1 0.89 25.257999420166 0 0
1327 1 0.92 19.4799995422363 0 5
1328 1 0.54 14.3629999160767 0 0
1329 1 0.53 19.4190006256104 0 0
1330 1 0.84 21.2810001373291 0 0
1331 1 1.34 40.0769996643066 0 0
1332 1 1.19 31.3990001678467 0 10
1333 1 0.95 49.7760009765625 0 0
1334 0 3.12 84.5869979858398 0 0
1335 1 3.1 78.0189971923828 0 0
1336 1 3.04 88.1309967041016 0 0
1337 1 0.58 31.4969997406006 0 0
1338 0 1.64 40.4519996643066 0 10
1339 0 1.48 47.1269989013672 0 8
1340 0 0.69 11.8500003814697 0 0
1341 0 0.51 12.125 0 12
1342 1 0.63 29.7399997711182 1 12
1343 1 0.53 15.3450002670288 0 0
1344 1 0.61 51.6360015869141 0 0
1345 0 0.69 49.9269981384277 0 10
1346 0 0.94 62.9259986877441 0 0
1347 1 0.67 17.2700004577637 0 0
1348 0 1.23 35.6010017395020 0 11
1349 0 0.92 40.1069984436035 1 0
1350 1 1.71 57.701000213623 0 0
1351 1 1.22 42.8930015563965 0 0
1352 1 4.19 31.5410003662109 0 5
1353 1 2.03 64.088996887207 1 8
1354 1 3.96 38.617000579834 0 9
1355 1 3.78 42.9000015258789 0 0
1356 1 2.56 43.8800010681152 0 5
1357 1 4.53 123.581001281738 0 0
1358 1 2.29 144.708999633789 1 5
1359 1 3.21 154.595993041992 0 6
1360 1 1.76 134.102996826172 0 8
1361 0 2.38 58.6119995117188 0 5
1362 1 1.56 63.5800018310547 1 5
1363 1 0.85 53.125 0 5
1364 0 1.12 61.3689994812012 0 5
1365 1 0.7 21.5779991149902 0 0
1366 1 1.34 20.5359992980957 0 5
1367 0 0.91 33.7879981994629 0 5
1368 0 0.69 8.30099964141846 1 0
1369 0 1.2 24.1410007476807 1 0
1370 0 0.75 53.306999206543 1 5
1371 0 0.88 64.1259994506836 1 5
1372 0 1 149.292999267578 1 8
1373 0 1.96 130.201004028320 1 10
1374 0 1.24 114.263000488281 1 8
1375 0 0.77 110.458999633789 1 8
1376 0 0.67 112.754997253418 1 7
1377 0 1.24 84.6060028076172 0 5
1378 0 1.48 90.4459991455078 0 5
1379 1 1.02 3.69700002670288 0 0
1380 1 1.56 22.5650005340576 0 5
1381 0 1.52 8.17800045013428 0 5
1382 1 1.25 20.5639991760254 0 5
1383 1 0.56 20.9260005950928 0 0
1384 1 1.24 17.867000579834 0 0
1385 1 0.6 8.71500015258789 0 0
1386 1 1.05 16.6650009155273 0 0
1387 1 0.93 30.9279994964600 0 6
1388 1 0.57 49.4519996643066 0 0
1389 1 3.72 25.8159999847412 0 8
1390 1 0.7 30.6459999084473 0 0
1391 1 0.81 29.8229999542236 0 0
1392 1 0.57 21.4300003051758 1 9
1393 1 1.46 12.0030002593994 0 8
1394 0 0.94 7.23699998855591 0 6
1395 0 1.19 15.4069995880127 0 9
1396 0 1.26 7.48099994659424 1 10
1397 1 1.31 29.9260005950928 0 0
1398 1 1.03 25.8390007019043 0 0
1399 1 1.07 16.0909996032715 0 0
1400 0 0.58 22.9300003051758 1 12
1401 1 0.7 19.0119991302490 0 0
1402 1 0.61 26.5279998779297 0 0
1403 0 0.66 9.4980001449585 0 0
1404 0 0.63 16.9200000762939 1 4
1405 0 0.86 22.7329998016357 1 4
1406 0 0.63 11.3439998626709 0 0
1407 0 0.61 4.65100002288818 0 10
1408 1 0.85 3.56900000572205 0 10
1409 1 0.61 15.4919996261597 0 5
1410 0 0.51 14.5629997253418 0 10
1411 1 2.52 28.1609992980957 0 5
1412 0 0.53 7.98899984359741 0 9
1413 1 1.15 3.61199998855591 0 0
1414 1 1.02 26.3740005493164 1 8
1415 1 0.85 10.7209997177124 1 6
1416 0 1.1 23.246000289917 0 0
1417 0 3.43 27.7649993896484 1 0
1418 1 0.56 32.1469993591309 1 10
1419 1 1.58 39.3409996032715 0 7
1420 0 1.83 10.125 0 10
1421 1 0.83 29.3290004730225 1 5
1422 1 1.08 20.6110000610352 1 10
1423 1 1.28 19.8850002288818 1 2
1424 1 0.9 4.11899995803833 1 11
1425 1 1.23 12.7130002975464 1 0
1426 1 0.52 13.5930004119873 0 12
1427 1 0.96 19.5429992675781 1 5
1428 1 1.26 16.8500003814697 1 0
1429 0 1.19 20.3889999389648 1 7
1430 1 0.55 16.9360008239746 1 10
1431 1 0.63 7.19199991226196 1 6
1432 1 0.97 8.0600004196167 0 10
1433 0 1.25 7.01200008392334 1 0
1434 1 0.97 63.1500015258789 0 5
1435 1 1.46 57.3610000610352 0 0
1436 1 0.72 34.4389991760254 0 10
1437 0 3.74 2.45399999618530 1 0
1438 0 5.24 36.4090003967285 0 10
1439 1 1.21 9.21300029754639 0 9
1440 0 0.56 14.3780002593994 0 0
1441 0 0.53 10.4490003585815 1 2
1442 0 1.64 50.4910011291504 0 3
1443 0 0.73 7.50299978256226 0 0
1444 0 1.09 15.6619997024536 0 0
1445 1 1.44 12.3929996490479 1 0
1446 0 0.9 17.1590003967285 0 5
1447 1 1.49 12.5190000534058 0 8
1448 0 1.28 0.925999999046326 1 5
1449 1 0.52 2.79099988937378 0 0
1450 1 0.77 24.6889991760254 1 9
1451 1 0.82 27.1569995880127 0 10
1452 1 0.74 12.0150003433228 0 14
1453 1 1.55 30.0170001983643 0 10
1454 1 2.18 15.9409999847412 0 10
1455 1 1.07 20.2029991149902 0 10
1456 1 1.07 8.58399963378906 1 0
1457 0 1.44 26.5359992980957 1 8
1458 1 1.37 41 1 0
1459 1 0.98 46.4389991760254 1 8
1460 1 0.62 3.03200006484985 0 3
1461 1 0.63 36.7729988098145 0 5
1462 1 2.17 41.7099990844727 0 5
1463 1 0.9 34.6539993286133 1 0
1464 1 1.85 43.4259986877441 1 0
1465 1 1.44 28.4769992828369 1 10
1466 1 1.03 9.64000034332275 0 10
1467 1 0.63 11.9739999771118 1 0
1468 1 1.46 7.27699995040894 0 10
1469 0 2.21 19.3209991455078 0 5
1470 1 1.01 6.50699996948242 0 0
1471 1 0.77 25.9519996643066 0 0
1472 1 0.64 16.8579998016357 0 9
1473 1 0.66 19.2649993896484 0 7
1474 0 0.6 72.8330001831055 0 0
1475 1 0.86 63.3250007629395 0 9
1476 0 1 22.1819992065430 1 5
1477 1 1.75 24.1830005645752 1 10
1478 0 1.76 24.6909999847412 1 2
1479 0 1.02 26.7950000762939 0 5
1480 1 1.8 5.28499984741211 0 10
1481 0 2.99 31.4389991760254 0 6
1482 1 0.87 66.9580001831055 1 0
1483 1 1.19 13.2299995422363 0 10
1484 1 3.26 23.0300006866455 1 3
1485 1 6.53 36.4140014648438 1 12
1486 1 4.22 30.6189994812012 0 12
1487 0 3.67 12.4799995422363 1 6
1488 1 3.58 5.38800001144409 0 10
1489 1 3.21 7.75899982452393 0 3
1490 1 3.52 42.0870018005371 0 12
1491 1 3.32 6.3899998664856 0 12
1492 1 2 14.6239995956421 0 0
1493 1 2.89 11.2829999923706 0 8
1494 1 3.12 11.5670003890991 0 8
1495 1 2.13 86.0179977416992 0 6
1496 1 1.68 9.5609998703003 0 5
1497 0 0.88 28.6539993286133 1 7
1498 1 2.69 41.0750007629395 0 5
1499 1 3.36 41.8540000915527 0 0
1500 1 2.18 27.5849990844727 0 8
1501 0 1.36 10.4709997177124 0 0
1502 1 3.46 34.2690010070801 0 9
1503 1 2.88 24.0979995727539 0 0
1504 1 2.1 10.9650001525879 0 0
1505 1 2.45 5.01399993896484 0 0
1506 1 2.98 32.1100006103516 0 5
1507 1 2.27 27.5389995574951 0 0
1508 1 2.37 32.4620018005371 0 5
1509 1 1.67 14.0430002212524 1 9
1510 1 2.08 11.0950002670288 0 0
1511 1 2.17 8.18200016021729 1 5
1512 1 2.18 3.67499995231628 1 8
1513 1 1.92 16.3530006408691 1 0
1514 1 2.61 22.6860008239746 0 0
1515 1 2.03 32.1199989318848 0 5
1516 1 5.06 15.0799999237061 0 0
1517 1 2.38 5.25600004196167 0 5
1518 1 2.96 19.8419990539551 1 9
1519 1 3.12 22.2900009155273 0 10
1520 0 1.67 46.0349998474121 0 7
1521 1 2.39 23.8379993438721 0 0
1522 1 2.66 28.5790004730225 0 0
1523 1 3.31 20.132999420166 0 6
1524 1 5.41 11.6929998397827 0 6
1525 0 2.41 25.0289993286133 1 3
1526 0 0.62 20.1679992675781 0 0
1527 1 1.28 15.5640001296997 0 2
1528 1 2.04 19.0699996948242 1 4
1529 1 2.31 31.5270004272461 0 0
1530 1 2.46 17.6180000305176 1 0
1531 0 1.92 33.6310005187988 0 0
1532 1 3.26 37.9790000915527 1 7
1533 1 1.85 28.7910003662109 1 0
1534 1 2.05 19.2810001373291 1 0
1535 1 1.65 30.7679996490479 1 0
1536 1 0.61 63.6549987792969 1 0
1537 1 1.99 57.2859992980957 0 0
1538 1 3.56 55.4090003967285 0 0
1539 1 1.98 45.2519989013672 0 0
1540 1 2.06 32.8790016174316 1 0
1541 1 1.7 27.0580005645752 1 5
1542 1 2.02 23.8209991455078 0 0
1543 1 2.13 48.773998260498 1 3
1544 0 0.67 5.22900009155273 0 8
1545 1 3.34 23.8490009307861 0 6
1546 1 2.32 13.4510002136230 0 4
1547 1 1.88 31.2360000610352 0 5
1548 0 2.82 62.3400001525879 0 0
1549 0 2.47 32.2649993896484 0 5
1550 0 2.86 41.3019981384277 0 0
1551 1 3.26 42.2989997863770 0 5
1552 0 0.92 54.2309989929199 1 0
1553 0 1.46 45.2220001220703 0 5
1554 0 2.86 60.2550010681152 1 5
1555 0 3.27 66.3239974975586 0 5
1556 0 3.45 64.7939987182617 1 5
1557 0 4.46 37.8730010986328 0 8
1558 0 3.32 28.8899993896484 1 5
1559 0 4.78 46.6119995117188 0 5
1560 0 3.86 52.7290000915527 0 0
1561 0 2.97 58.0110015869141 0 10
1562 0 2.72 48.076000213623 0 5
1563 1 3.01 40.0929985046387 0 0
1564 0 1.29 71.3870010375977 1 12
1565 0 1.95 74.2730026245117 0 0
1566 1 5.28 50.1150016784668 0 5
1567 1 6 70.6179962158203 0 0
1568 1 3.36 75.3219985961914 1 5
1569 1 2.61 59.5800018310547 0 5
1570 1 2.39 80.6650009155273 0 0
1571 1 1.09 44.3769989013672 0 12
1572 1 3.75 33.9939994812012 0 6
1573 1 1.24 46.5460014343262 0 0
1574 0 4.74 47.7309989929199 0 5
1575 0 4.25 37.4459991455078 0 0
1576 1 1.36 20.3939990997314 0 5
1577 1 3.41 30.1599998474121 1 5
1578 1 2.72 18.0100002288818 0 8
1579 1 2.6 35.4249992370605 1 7
1580 0 2.64 57.6720008850098 0 0
1581 0 3.34 82.6340026855469 0 6
1582 1 3.28 68.5989990234375 0 10
1583 0 3.62 113.283996582031 1 8
1584 0 3.12 72.6760025024414 0 7
1585 1 1.83 74.7490005493164 1 7
1586 0 2.98 70.4219970703125 1 5
1587 0 2.79 60.2799987792969 1 5
1588 0 2.24 22.0979995727539 0 0
1589 1 1.56 54.984001159668 1 9
1590 1 1.35 28.625 0 10
1591 1 1.95 2.84899997711182 0 10
1592 1 1.7 3.38000011444092 0 8
1593 1 1.15 29.7810001373291 0 5
1594 0 1.98 17.8020000457764 1 5
1595 1 0.96 20.2010002136230 0 6
1596 1 1.48 22.3990001678467 0 0
1597 0 0.87 12.5249996185303 0 0
1598 1 0.63 140.117996215820 0 0
1599 0 1.21 158.485000610352 0 0
1600 1 2.05 150.768997192383 0 0
1601 0 2.96 172.522003173828 0 0
1602 1 1.4 152.029006958008 0 0
1603 1 2.64 151.039001464844 0 0
1604 1 1.95 165.416000366211 0 0
1605 0 5.54 167.083999633789 0 0
1606 1 1.12 25.5779991149902 0 0
1607 1 2.18 33.2999992370605 0 6
1608 1 3.02 32.2050018310547 0 5
1609 0 1.77 18.0480003356934 1 0
1610 1 1.46 25.3059997558594 0 5
1611 1 1.38 10.3039999008179 1 0
1612 1 1.63 18.1849994659424 1 0
1613 1 1.33 10.1040000915527 1 0
1614 0 3.48 37.5219993591309 1 5
1615 1 1.95 15.4169998168945 0 5
1616 1 0.84 4.34100008010864 0 7
1617 1 2.65 20.5669994354248 0 5
1618 1 1.56 33.6790008544922 0 6
1619 1 0.69 5.73400020599365 0 7
1620 1 2.31 27.5189990997314 1 0
1621 1 1.14 35.1580009460449 1 0
1622 1 1.98 13.5670003890991 0 5
1623 1 1.82 6.30900001525879 0 10
1624 0 1.09 43.5289993286133 0 6
1625 1 0.56 62.4000015258789 0 7
1626 0 2.18 20.9370002746582 0 0
1627 0 1.31 20.4829998016357 1 0
1628 0 1.06 29.8759994506836 1 0
1629 0 1.25 23.1030006408691 1 0
1630 0 0.87 39.8230018615723 0 0
1631 1 1.32 52.3569984436035 1 0
1632 1 1.84 48.5299987792969 1 0
1633 1 0.95 23.9869995117188 1 0
1634 1 1.12 44.640998840332 1 5
1635 1 1.32 25.4200000762939 1 5
1636 1 0.81 63.9949989318848 1 0
1637 0 0.57 86.291000366211 1 0
1638 1 2 88.7519989013672 0 4
1639 1 1.22 65.636001586914 0 0
1640 0 1.91 95.302001953125 0 6
1641 1 1.41 67.4919967651367 0 6
1642 0 1.57 58.6339988708496 0 6
1643 0 1.11 58.2109985351563 0 6
1644 0 1.3 77.8820037841797 0 0
1645 0 1.05 106.016998291016 0 6
1646 0 0.95 118.441001892090 0 7
1647 1 1.68 119.599998474121 1 0
1648 1 1.26 118.359001159668 0 0
1649 0 1.34 81.0120010375977 0 5
1650 1 0.83 19.6350002288818 0 5
1651 1 1.07 64.3570022583008 1 10
1652 1 1 46.8660011291504 0 5
1653 1 0.81 33.7799987792969 0 4
1654 0 1.02 39.6469993591309 0 5
1655 0 0.79 23.1450004577637 1 5
1656 0 0.8 11.3669996261597 1 8
1657 1 0.91 16.6860008239746 0 7
1658 0 0.83 16.4389991760254 0 7
1659 0 0.98 8.02999973297119 0 0
1660 1 1.24 35.9189987182617 0 8
1661 0 1.13 46.0690002441406 0 0
1662 0 0.68 222.705993652344 0 5
1663 0 1.56 184.078994750977 0 10
1664 0 1.57 131.104995727539 0 5
1665 1 4.42 36.2010002136230 1 6
1666 1 1.48 42.9179992675781 1 0
1667 0 1.49 185.389999389648 0 8
1668 0 1.37 41.7029991149902 1 0
1669 0 1.13 63.9010009765625 1 0
1670 0 1.21 33.2669982910156 1 0
1671 0 1.13 21.7689990997314 1 0
1672 0 0.86 16.3209991455078 1 0
1673 0 1.06 19.9869995117188 1 10
1674 0 0.89 53.4790000915527 1 0
1675 0 0.95 58.5130004882813 0 0
1676 1 1.46 10.2419996261597 1 0
1677 1 1.27 47.4710006713867 0 0
1678 1 1.36 73.4250030517578 0 5
1679 1 1.14 61.3520011901855 1 0
1680 0 1.37 46.5309982299805 1 0
1681 1 1.27 64.0210037231445 1 5
1682 1 0.8 33.5839996337891 1 5
1683 1 0.94 39.1469993591309 0 10
1684 0 0.82 42.8390007019043 1 0
1685 1 2.42 26.7689990997314 0 16
1686 1 2.81 18.7000007629395 0 16
1687 1 3.48 22.2590007781982 0 16
1688 1 2.32 24.3010005950928 0 16
1689 1 1.85 29.3729991912842 0 16
1690 0 3.83 18.7600002288818 1 5
1691 0 1.17 22.1930007934570 1 5
1692 1 1.41 17.003999710083 0 0
1693 0 0.57 7.80399990081787 0 0
1694 1 1.93 15.0100002288818 0 0
1695 1 1.19 79.9440002441406 0 4
1696 0 0.74 43.5690002441406 0 8
1697 1 0.71 24.2119998931885 0 0
1698 1 0.94 11.5190000534058 0 3
1699 1 1.52 40.6310005187988 1 7
1700 1 2.67 40.6360015869141 0 12
1701 1 1.56 29.0359992980957 0 9
1702 1 2.35 19.2649993896484 1 8
1703 1 2.61 32.7869987487793 1 0
1704 0 1.23 33.0519981384277 1 0
1705 1 1.82 44.2150001525879 0 5
1706 0 1.42 67.2480010986328 0 0
1707 1 0.66 17.3509998321533 1 0
1708 1 1.97 48.3689994812012 0 12
1709 1 0.92 147.863998413086 0 0
1710 0 2 130.873992919922 1 0
1711 0 0.94 9.78699970245361 0 0
1712 0 1.9 177.330993652344 1 10
1713 1 2.26 218.542007446289 0 10
1714 0 1.79 307.790985107422 1 0
1715 1 3.11 272.380004882813 0 10
1716 1 4.48 29.0069999694824 0 0
1717 0 0.68 26.2150001525879 0 7
1718 0 2.21 35.2239990234375 0 10
1719 1 2.41 37.4609985351563 0 4
1720 1 2.25 9.57400035858154 1 7
1721 0 1.32 50.2459983825684 0 0
1722 0 0.53 15.2889995574951 0 0
1723 0 0.61 19.1609992980957 0 0
1724 0 0.64 31.1219997406006 0 5
1725 0 2.5 32.9630012512207 0 5
1726 0 0.99 30.4220008850098 0 0
1727 1 3.23 40.2210006713867 0 0
1728 1 0.78 47.1319999694824 1 12
1729 1 0.72 59.2760009765625 1 12
1730 1 0.89 31.261999130249 0 12
1731 1 2.94 28.1900005340576 0 5
1732 0 1.64 20.5440006256104 1 0
1733 1 1.18 20.5820007324219 1 0
1734 0 0.68 38.2610015869141 1 0
1735 0 1.42 48.273998260498 0 8
1736 0 0.69 56.5579986572266 1 5
1737 0 1.97 34.7109985351563 1 12
1738 1 2.92 44.4329986572266 1 5
1739 0 0.97 90.8109970092773 0 0
1740 0 2.42 83.0550003051758 1 0
1741 1 7.48 127.387001037598 1 0
1742 0 7.28 114.690002441406 1 0
1743 0 2.04 97.5329971313477 1 0
1744 1 1.34 79.5879974365234 1 7
1745 0 1.84 94.7559967041016 0 8
1746 0 1.94 73.3629989624023 0 5
1747 0 1.72 95.3030014038086 1 5
1748 0 3.49 149.992004394531 0 10
1749 0 2.25 148.714996337891 0 10
1750 1 3.89 163.041000366211 1 7
1751 1 1.65 79.556999206543 1 8
1752 1 3.21 69.8079986572266 1 6
1753 1 2.81 102.332000732422 1 12
1754 0 2.12 79.4800033569336 1 8
1755 1 1.06 91.4410018920898 1 12
1756 0 1.3 92.4899978637695 0 3
1757 1 2.23 81.9759979248047 0 8
1758 0 2.2 74.511001586914 1 9
1759 1 0.73 14.7119998931885 1 0
1760 1 1.78 29.1989994049072 0 5
1761 0 7.79 16.9300003051758 0 0
1762 1 4.84 14.6440000534058 1 0
1763 0 3.9 30.2140007019043 1 0
1764 0 3.21 34.8199996948242 1 0
1765 0 2.33 42.9720001220703 1 0
1766 0 0.89 34.7569999694824 1 0
1767 1 2.37 17.3819999694824 0 0
1768 1 2.54 21.8880004882813 0 15
1769 1 3.37 72.8450012207031 0 15
1770 1 2.56 48.9090003967285 1 7
1771 1 4.92 45.7610015869141 0 0
1772 1 4.96 53.765998840332 0 0
1773 0 6.89 54.3919982910156 1 0
1774 1 2.38 41.9000015258789 0 0
1775 1 6.32 55.2529983520508 1 0
1776 1 2.9 19.4080009460449 0 9
1777 1 5.2 23.2950000762939 0 0
1778 1 1.05 16.4650001525879 1 0
1779 1 1.09 17.5709991455078 1 10
1780 1 1.61 9.6569995880127 0 6
1781 1 2.03 9.23499965667725 0 12
1782 1 0.82 17.2859992980957 0 0
1783 1 0.67 5.32800006866455 0 13
1784 0 1.91 4.55299997329712 1 3
1785 1 1.49 35.6010017395020 0 14
1786 0 2.08 13.4079999923706 1 0
1787 0 1.99 22.2840003967285 0 10
1788 0 2.38 38.8370018005371 0 4
1789 1 1.87 50.632999420166 0 0
1790 1 0.98 23.4729995727539 0 0
1791 0 2.32 25.1819992065430 0 0
1792 1 2.74 34.8300018310547 1 0
1793 1 3.21 30.375 0 9
1794 1 1.4 32.0060005187988 1 9
1795 0 0.79 13.9289999008179 0 0
1796 1 1.09 20.0330009460449 1 0
1797 1 1.1 24.0419998168945 1 7
1798 1 0.64 12.8730001449585 0 0
1799 1 1.36 6.99300003051758 0 0
1800 1 1.84 16.2609996795654 0 0
1801 0 2.32 16.3430004119873 0 9
1802 1 3.35 13.6569995880127 0 12
1803 0 1.72 20.0259990692139 0 5
1804 0 1.72 15.0410003662109 0 10
1805 1 1.97 27.6480007171631 0 8
1806 0 0.72 55.1259994506836 0 5
1807 1 1.15 40.8470001220703 1 10
1808 0 1.76 19.5849990844727 1 4
1809 1 2.64 56.2280006408691 1 0
1810 0 1.71 43.2799987792969 1 0
1811 1 2.98 42.0099983215332 0 5
1812 1 0.55 21.4160003662109 1 0
1813 1 2.13 21.5949993133545 0 0
1814 1 3.96 12.3529996871948 1 0
1815 1 2.3 12.4209995269775 1 5
1816 1 4.79 8.1569995880127 0 0
1817 1 1.17 11.5769996643066 0 6
1818 0 5.07 30.8500003814697 0 0
1819 1 3.01 64.2919998168945 0 9
1820 1 1.73 28.7520008087158 1 3
1821 0 2.51 24.2759990692139 1 9
1822 0 0.63 15.2659997940063 0 11
1823 0 1.18 9.19299983978271 1 8
1824 1 0.8 23.8299999237061 1 0
1825 1 6.59 26.5349998474121 1 5
1826 1 2.81 14.9569997787476 1 5
1827 1 1.9 11.7939996719360 0 9
1828 1 3.9 29.8929996490479 1 0
1829 1 5.58 20.3589992523193 0 5
1830 1 3.49 43.5670013427734 0 3
1831 1 3.09 30.4309997558594 0 5
1832 0 3.92 41.6080017089844 0 5
1833 0 1.02 47.9560012817383 1 0
1834 1 1.35 26.7830009460449 0 0
1835 1 0.98 42.3250007629395 1 0
1836 1 1.12 78.9489974975586 1 5
1837 1 0.82 80.5690002441406 1 5
1838 1 0.99 80.3239974975586 1 7
1839 1 1.38 54.9269981384277 0 5
1840 1 0.91 54.3899993896484 0 4
1841 1 1.27 41.5950012207031 0 5
1842 0 1.1 57.1139984130859 0 5
1843 0 0.64 26.4449996948242 0 5
1844 1 0.89 21.6149997711182 1 0
1845 0 0.78 11.1429996490479 0 8
1846 1 0.64 17.0100002288818 1 8
1847 0 0.73 8.41300010681152 1 2
1848 1 0.68 4.2189998626709 1 0
1849 1 2.33 20.7059993743896 1 3
1850 1 2.44 24.5359992980957 1 2
1851 1 2.1 5.95100021362305 1 2
1852 1 1.9 7.1579999923706 1 0
1853 1 0.52 23.8099994659424 1 0
1854 1 4.05 87.2399978637695 0 5
1855 1 4.94 12.4930000305176 1 8
1856 1 5.73 3.0699999332428 1 12
1857 1 3.5 77.2289962768555 1 7
1858 1 2.07 46.2890014648438 1 4
1859 1 2.52 47.9659996032715 1 7
1860 0 2.71 41.6640014648438 1 5
1861 1 2.47 61.1809997558594 1 2
1862 1 0.78 67.2259979248047 0 5
1863 1 3.28 44.4249992370605 1 5
1864 1 2.29 14.7550001144409 1 7
1865 1 1.11 8.76900005340576 1 5
1866 1 2.39 29.7700004577637 0 3
1867 1 3.17 17.0440006256104 1 0
1868 1 2.04 22.6959991455078 1 10
1869 1 1.26 26.4300003051758 1 3
1870 1 2.64 50.3720016479492 1 12
1871 1 2.67 49.5859985351563 1 0
1872 1 1.64 75.3059997558594 0 9
1873 1 1.91 41.8510017395020 0 10
1874 1 2.15 19.5860004425049 1 4
1875 1 1.9 46.1889991760254 1 5
1876 1 1.66 35.8880004882813 0 0
1877 1 2.06 26.2140007019043 1 0
1878 1 1.1 16.9750003814697 0 5
1879 0 1.28 45.4720001220703 0 0
1880 1 2.34 46.3040008544922 1 8
1881 1 2.51 56.9049987792969 1 0
1882 1 3.4 50.6920013427734 1 3
1883 1 3.08 34.2869987487793 0 0
1884 1 2.1 9.07999992370605 1 5
1885 0 0.77 18.2730007171631 1 5
1886 1 5.04 100.138000488281 0 3
1887 1 4.07 73.0439987182617 0 12
1888 1 7.37 59.5449981689453 1 4
1889 1 8.79 32.9259986877441 0 6
1890 0 3.52 47.0629997253418 0 3
1891 1 3.59 15.3030004501343 0 4
1892 1 3.87 18.7730007171631 0 10
1893 1 2.68 29.9500007629395 0 2
1894 1 5.48 41.4259986877441 0 6
1895 1 3.72 0.649999976158142 0 4
1896 1 5.54 8.67599964141846 0 5
1897 1 5.8 17.3729991912842 0 3
1898 1 6.08 32.3330001831055 0 12
1899 1 3.8 17.3509998321533 0 0
1900 1 2.15 24.8859996795654 1 0
1901 1 2.74 40.3190002441406 0 0
1902 1 2.5 42.1360015869141 1 0
1903 1 2.98 17.6100006103516 1 8
1904 1 2.26 17.0049991607666 1 0
1905 1 0.67 15.5959997177124 1 4
1906 1 2.4 38.6459999084473 1 0
1907 1 1.02 83.8089981079102 1 0
1908 1 1.1 76.4420013427734 1 0
1909 1 2.75 61.2159996032715 1 0
1910 1 1.83 55.3619995117188 1 5
1911 1 0.82 39.9809989929199 1 0
1912 0 0.75 46.5509986877441 1 5
1913 1 1.25 37.0009994506836 1 7
1914 1 1.05 32.5820007324219 1 0
1915 1 0.83 22.7590007781982 1 5
1916 1 1.13 4.96299982070923 0 5
1917 1 1.12 53.1259994506836 0 0
1918 0 1.35 22.7849998474121 1 5
1919 1 1.25 27.5890007019043 1 3
1920 1 2.25 53.4010009765625 0 0
1921 1 1.97 69.4489974975586 0 2
1922 1 1.68 39.5610008239746 0 5
1923 0 0.54 23.4650001525879 1 2
1924 1 0.64 16.3010005950928 1 5
1925 1 0.8 42.0229988098145 0 2
1926 1 1.1 13.75 0 0
1927 1 2.14 19.253999710083 1 4
1928 1 3.96 16.9659996032715 0 10
1929 1 0.76 23.5060005187988 0 8
1930 1 5.28 52.3009986877441 0 4
1931 1 1.89 56.0260009765625 0 3
1932 1 1.71 0.591000020503998 1 0
1933 1 1.46 24.5359992980957 0 5
1934 1 3.45 37.7729988098145 0 10
1935 0 2.92 65.5950012207031 0 5
1936 0 4.4 35.7939987182617 0 5
1937 1 4.99 4.96999979019165 0 5
1938 1 1.51 77.8209991455078 0 0
1939 1 1.82 104.458999633789 0 0
1940 0 0.99 31.5580005645752 0 5
1941 1 2.71 33.9510002136230 0 15
1942 0 2.39 36.609001159668 1 5
1943 1 2.7 29.2840003967285 1 6
1944 1 3.9 32.2229995727539 0 3
1945 1 2.95 25.6889991760254 0 5
1946 1 3.66 10.0459995269775 0 5
1947 1 1.1 32.8320007324219 1 4
1948 0 2.07 32.0509986877441 0 4
1949 1 3.07 43.9179992675781 1 5
1950 1 2.11 49.681999206543 0 5
1951 1 2.19 47.9099998474121 1 5
1952 1 2.31 38.7830009460449 0 4
1953 0 0.83 41.7680015563965 0 2
1954 1 0.6 54.0449981689453 1 4
1955 1 1.12 62.3199996948242 0 3
1956 1 0.54 47.3629989624023 0 10
1957 1 1.27 38.1539993286133 0 3
1958 1 1.05 23.1800003051758 0 5
1959 1 0.82 19.3630008697510 1 0
1960 1 0.62 16.4139995574951 0 0
1961 0 1.51 33.1419982910156 1 5
1962 1 0.68 24.9060001373291 1 4
1963 1 1.66 16.2679996490479 1 2
1964 0 0.52 26.7639999389648 1 4
1965 0 0.62 5.47499990463257 1 4
1966 1 0.6 2.71799993515015 1 4
1967 0 0.51 26.0799999237061 1 4
1968 1 1.34 31.1450004577637 1 15
1969 1 0.68 44.5709991455078 0 12
1970 1 0.66 54.5670013427734 1 4
1971 1 0.68 64.4789962768555 1 10
1972 1 0.8 62.3839988708496 0 10
1973 1 0.71 61.5769996643066 0 10
1974 1 0.8 34.8660011291504 0 14
1975 1 0.97 35.4410018920898 1 12
1976 0 2.8 24.4449996948242 1 4
1977 0 0.99 22.3239994049072 1 12
1978 0 1.13 9.4709997177124 1 4
1979 0 0.77 6.52899980545044 1 4
1980 1 0.93 11.0179996490479 0 5
1981 0 3.37 5.44000005722046 1 0
1982 0 1.25 22.7029991149902 1 0
1983 1 2.69 38.5810012817383 1 7
1984 0 0.6 38.7360000610352 1 3
1985 1 0.73 56.2150001525879 0 0
1986 1 2.69 48.851001739502 1 0
1987 1 2.61 55.8349990844727 0 8
1988 1 3.43 62.8040008544922 0 4
1989 0 4.09 51.6920013427734 0 0
1990 0 2.23 32.4860000610352 1 4
1991 1 2.35 31.9510002136230 0 8
1992 0 4.62 55.1520004272461 0 5
1993 0 1.99 60.6720008850098 1 0
1994 0 1.01 89.890998840332 0 10
1995 0 3.23 93.5989990234375 0 0
1996 0 1.31 166.361999511719 0 0
1997 1 0.85 177.266998291016 0 9
1998 0 0.84 158.292999267578 1 3
1999 0 2.11 66.7020034790039 1 4
2000 0 1.36 74.177001953125 1 10
2001 0 0.75 40.1160011291504 0 7
2002 1 1.25 67.5979995727539 0 10
2003 1 1.34 18.2220001220703 0 8
2004 0 0.88 81.9599990844727 1 5
2005 0 1.05 49.5429992675781 0 5
2006 0 1.4 55.7760009765625 1 0
2007 0 1.03 52.0379981994629 1 0
2008 0 1.15 98.8759994506836 1 0
2009 0 1.15 94.7850036621094 0 0
2010 0 0.89 104.093002319336 1 5
2011 0 1.07 66.7580032348633 1 5
2012 1 1.09 44.6910018920898 1 5
2013 0 2.04 97.838996887207 1 0
2014 1 0.83 104.314002990723 0 0
2015 1 0.63 107.079002380371 0 10
2016 0 1.09 66.8399963378906 0 5
2017 1 0.96 17.3899993896484 0 12
2018 0 0.74 48.8059997558594 0 5
2019 1 2.38 30.4500007629395 0 0
2020 0 0.69 30.6849994659424 0 5
2021 0 0.97 41.3460006713867 0 0
2022 1 1.91 66.7460021972656 0 5
2023 1 1.86 37.4329986572266 0 0
2024 0 0.92 35.8440017700195 0 0
2025 0 2.4 11.7019996643066 1 8
2026 0 1.71 37.6010017395020 0 5
2027 0 1.08 30.7119998931885 0 0
2028 1 0.98 53.4970016479492 0 0
2029 0 0.84 68.4509963989258 0 0
2030 0 0.74 75.9169998168945 1 9
2031 0 0.96 84.8349990844727 0 0
2032 0 1.31 128.621002197266 0 10
2033 1 3.17 140.531005859375 1 0
2034 0 2.8 128.388000488281 1 14
2035 1 1.27 153.173004150391 0 7
2036 0 0.87 172.733993530273 0 14
2037 0 2.23 170.220001220703 0 0
2038 1 1.93 175.725006103516 0 12
2039 0 1.08 93.2160034179688 0 4
2040 0 1.11 80.0849990844727 1 8
2041 0 1.7 108.911003112793 0 0
2042 1 2.21 68.556999206543 1 0
2043 0 0.83 139.080993652344 0 4
2044 1 1.36 127.642997741699 0 4
2045 1 1.42 50.4210014343262 0 0
2046 0 0.54 39.5740013122559 1 0
2047 0 2.28 79.7210006713867 0 4
2048 0 2.08 127.25 1 0
2049 0 0.87 134.315994262695 1 4
2050 0 0.91 135.10400390625 1 0
2051 0 1.45 132.244003295898 0 4
2052 0 1.61 118.935997009277 0 4
2053 1 3.38 60.8059997558594 0 4
2054 1 3.49 87.0979995727539 0 0
2055 1 2.72 55.5009994506836 1 0
2056 1 1.43 36.2039985656738 1 0
2057 1 1.86 46.8079986572266 0 4
2058 1 2.38 67.4169998168945 0 0
2059 1 2.09 93.9499969482422 1 3
2060 0 1.66 70.2109985351563 1 2
2061 0 1.51 113.008003234863 1 8
2062 1 5.12 96.2220001220703 1 9
2063 0 4.41 141.244003295898 1 4
2064 1 3.37 156.123001098633 1 0
2065 1 4 179.117004394531 1 5
2066 1 2.03 138.363998413086 0 5
2067 0 1.19 95.6159973144531 0 7
2068 0 2.33 62.9650001525879 0 4
2069 1 1.14 12.4540004730225 1 0
2070 1 3.31 45.9939994812012 0 3
2071 0 2.58 133.873001098633 1 5
2072 1 2.99 42.6319999694824 0 0
2073 1 2.56 63.4150009155273 0 10
2074 1 1.11 62.8530006408691 1 0
2075 0 1.85 46.3279991149902 0 0
2076 0 2.18 42.6189994812012 1 6
2077 0 1.47 14.4569997787476 0 5
2078 0 2.19 32.5760002136230 1 0
2079 1 1.48 78.5419998168945 1 3
2080 1 1.5 99.1859970092773 1 5
2081 0 1.76 91.781997680664 1 5
2082 1 1.6 96.7099990844727 1 5
2083 0 2.79 104.166000366211 1 0
2084 1 2.62 71.2009963989258 1 5
2085 0 1.43 9.67300033569336 0 0
2086 1 1.17 56.5660018920898 1 4
2087 0 2.04 31.9680004119873 1 5
2088 1 2.66 62.3979988098145 1 9
2089 1 2.11 44.0130004882813 0 5
2090 1 3.35 30.621000289917 1 5
2091 1 2.35 32.6119995117188 0 5
2092 0 3.26 68.9290008544922 0 0
2093 0 3.19 93.8040008544922 0 0
2094 1 3.19 127.690002441406 1 0
2095 1 3.69 135.835006713867 0 3
2096 1 2.99 152.783004760742 0 3
2097 0 2.48 138.408996582031 1 8
2098 0 0.79 95.333999633789 0 3
2099 1 1.31 127.280998229980 1 5
2100 0 0.65 109.176002502441 0 3
2101 0 1 98.1110000610352 1 4
2102 0 1.9 165.707000732422 1 3
2103 0 2.03 187.832000732422 0 2
2104 0 1.02 196.503005981445 0 4
2105 0 2.13 184.399002075195 0 8
2106 1 2.59 199.309005737305 0 10
2107 1 2.14 169.531005859375 0 5
2108 1 1.23 31.5330009460449 0 3
2109 0 1.56 24.6900005340576 0 4
2110 0 1.19 68.4459991455078 0 4
2111 0 0.79 75.936996459961 1 9
2112 1 0.83 23.2320003509521 0 6
2113 0 0.85 45.7599983215332 0 6
2114 0 0.87 18.9529991149902 0 3
2115 1 2.54 43.4669990539551 1 0
2116 0 1.42 11.2910003662109 0 0
2117 1 1.89 21.9039993286133 1 9
2118 0 1.42 25.003999710083 1 12
2119 0 0.99 45.9109992980957 1 6
2120 1 1.73 47.9529991149902 0 12
2121 0 2.33 70.5660018920898 0 2
2122 1 3.18 62.6380004882813 1 0
2123 1 0.56 14.0450000762939 0 5
2124 1 1.2 8.92399978637695 0 10
2125 1 0.62 7.33500003814697 1 3
2126 1 5.66 28.9689998626709 0 8
2127 1 1.21 21.4820003509521 1 12
2128 1 4.82 19.0219993591309 0 9
2129 1 0.56 39.1650009155273 0 12
2130 0 0.83 37.2789993286133 1 5
2131 1 0.82 50.5810012817383 0 11
2132 1 1.43 27.1319999694824 0 5
2133 1 1.29 16.3589992523193 0 0
2134 1 1.22 17.4580001831055 0 5
2135 1 0.72 19.5300006866455 0 5
2136 0 2.22 7.58699989318848 0 5
2137 1 0.83 30.8759994506836 0 3
2138 1 1.64 23.6450004577637 0 3
2139 0 0.62 12.1529998779297 0 8
2140 1 1.51 31.0709991455078 1 3
2141 1 0.7 16.2709999084473 0 4
2142 1 0.6 17.1140003204346 1 0
2143 1 0.61 15.4949998855591 0 3
2144 1 1.07 26.4869995117188 0 4
2145 1 1.2 43.1419982910156 1 7
2146 1 0.92 25.6870002746582 0 4
2147 1 2.21 9.97599983215332 0 4
2148 1 1.1 6.54099988937378 0 4
2149 1 1.01 43.2849998474121 0 10
2150 1 0.9 71.129997253418 0 4
2151 1 1.16 70.031997680664 0 10
2152 1 1.62 70.0210037231445 0 6
2153 1 1.47 92.6809997558594 1 0
2154 1 1.03 81.8919982910156 0 4
2155 0 1.4 79.9029998779297 0 10
2156 0 0.83 55.0610008239746 1 5
2157 1 0.79 23.8250007629395 1 8
2158 1 1.76 60.0519981384277 0 4
2159 1 1.49 39.3320007324219 0 5
2160 0 1.07 19.2490005493164 0 10
2161 1 1.18 14.2440004348755 0 9
2162 1 1.71 47.8489990234375 0 10
2163 1 1.79 51.7150001525879 1 10
2164 1 1.75 57.3870010375977 0 5
2165 1 0.95 7.14799976348877 0 14
2166 1 1.09 19.1830005645752 0 4
2167 1 1.23 29.9810009002686 0 10
2168 1 1.25 35.7050018310547 0 7
2169 1 1.15 53.3940010070801 0 2
2170 1 0.92 36.7480010986328 0 4
2171 1 0.9 34.8050003051758 0 0
2172 1 0.86 13.6269998550415 1 3
2173 0 2.18 34.1119995117188 0 8
2174 1 1.28 13.1020002365112 0 8
2175 1 0.75 14.0939998626709 0 12
2176 1 0.82 9.94299983978271 0 3
2177 1 1.65 84.1689987182617 0 7
2178 1 1.8 78.0250015258789 0 6
2179 1 5.18 48.6780014038086 1 5
2180 1 0.65 28.3320007324219 0 5
2181 1 0.57 17.8479995727539 0 10
2182 1 0.87 83.7190017700195 0 5
2183 1 0.98 24.3889999389648 1 5
2184 1 0.52 22.9759998321533 0 0
2185 1 0.58 4.00600004196167 0 8
2186 1 0.59 28.4489994049072 0 4
2187 1 1.53 10.7639999389648 0 2
2188 0 0.6 5.38500022888184 0 4
2189 0 0.69 25.0769996643066 0 3
2190 0 0.68 21.8560009002686 0 4
2191 1 0.93 8.53600025177002 0 3
2192 1 0.74 8.82400035858154 0 3
2193 0 0.72 13.8889999389648 0 3
2194 0 0.62 36.3969993591309 1 4
2195 0 0.71 10.6669998168945 1 3
2196 0 0.53 5.58099985122681 1 4
2197 0 0.6 9.33100032806396 0 4
2198 0 2.2 120.097999572754 0 4
2199 0 2.71 142.522994995117 0 4
2200 0 3.2 145.557006835938 0 5
2201 0 1.35 98.5059967041016 0 4
2202 0 0.99 84.484001159668 1 2
2203 0 1.98 91.0029983520508 0 6
2204 0 1.03 40.1290016174316 0 4
2205 0 1.32 4.27299976348877 0 6
2206 1 1.04 21.2859992980957 0 7
2207 1 0.57 15.0500001907349 0 7
2208 1 0.71 19.3409996032715 0 4
2209 0 0.63 36.8489990234375 0 2
2210 1 2.65 29.4069995880127 0 4
2211 1 0.9 19.1739997863770 0 5
2212 1 0.89 70.0029983520508 0 5
2213 1 1.58 64.7419967651367 0 6
2214 1 1.35 56.2970008850098 0 2
2215 0 1.61 53.5509986877441 0 3
2216 0 1.31 100.905998229980 0 5
2217 0 0.82 81.3850021362305 0 2
2218 0 0.89 68.9619979858398 0 3
2219 1 1.12 89.0070037841797 1 4
2220 0 0.56 34.5789985656738 0 4
2221 0 0.77 48.0130004882813 0 9
2222 1 0.54 16.6860008239746 0 4
2223 1 1.17 66.0690002441406 1 5
2224 1 1.34 32.0019989013672 0 3
2225 1 1.32 12.5939998626709 0 5
2226 1 1.12 28.0060005187988 0 10
2227 1 1.17 48.4449996948242 0 3
2228 1 0.85 28.6459999084473 0 5
2229 1 0.89 25.9309997558594 1 0
2230 1 0.99 45.2719993591309 1 3
2231 0 1.18 49.3460006713867 1 3
2232 0 1.08 71.5179977416992 0 3
2233 0 1.03 75.697998046875 0 6
2234 0 1.18 54.4029998779297 0 6
2235 1 1.38 23.1480007171631 0 4
2236 0 1.41 31.3859996795654 0 5
2237 1 0.87 27.882999420166 0 4
2238 0 0.65 99.4410018920898 0 4
2239 0 0.55 115.994003295898 0 4
2240 1 0.55 60.431999206543 0 9
2241 0 0.59 31.2390003204346 1 5
2242 0 0.53 49.2000007629395 1 9
2243 1 0.81 31.2709999084473 0 7
2244 1 0.87 8.8120002746582 0 6
2245 1 0.77 27.8889999389648 0 10
2246 0 0.7 48.25 0 7
2247 1 0.65 42.5940017700195 0 11
2248 0 0.95 59.8209991455078 0 7
2249 1 2.6 8.10000038146973 1 5
2250 0 0.56 31.0799999237061 0 5
2251 1 0.83 35.6370010375977 0 0
2252 1 0.7 10.5459995269775 1 0
2253 0 0.94 7.31199979782104 1 0
2254 1 0.73 10.6490001678467 1 5
2255 1 0.52 11.9940004348755 0 5
2256 1 1.99 90.041000366211 0 6
2257 1 3.51 11.6029996871948 1 5
2258 1 5.09 21.6110000610352 1 10
2259 1 3.5 11.0939998626709 1 8
2260 0 2.04 138.309997558594 1 8
2261 0 2.38 133.134994506836 1 0
2262 0 1.96 152.464004516602 1 15
2263 0 1.89 154.082992553711 1 0
2264 1 2.93 96.079002380371 0 11
2265 0 2.75 96.6480026245117 0 11
2266 0 2.52 128.108001708984 0 10
2267 0 1.7 160.994995117188 0 10
2268 0 1.94 169.274002075195 0 0
2269 1 1.8 134.970001220703 1 12
2270 0 1.96 127.193000793457 1 8
2271 0 1.8 135.214004516602 1 10
2272 0 1.03 99.890998840332 0 4
2273 0 1.84 103.031997680664 0 5
2274 0 1.74 89.2679977416992 1 8
2275 0 1.84 83.431999206543 1 8
2276 1 1.55 7.33599996566772 0 1
2277 0 0.57 7.55000019073486 0 5
2278 1 1.27 18.5599994659424 1 0
2279 0 0.62 26.2509994506836 1 0
2280 1 3.04 43.306999206543 0 8
2281 1 3.42 61.5470008850098 1 0
2282 1 2.54 47.0309982299805 0 3
2283 1 2.16 85.4820022583008 0 4
2284 0 0.66 25.5219993591309 1 0
2285 0 1.2 44.943000793457 1 4
2286 0 0.75 19.3180007934570 0 7
2287 0 0.55 25.371000289917 1 10
2288 0 0.75 54.423999786377 1 6
2289 0 0.87 81.166000366211 0 0
2290 0 1.65 13.5799999237061 1 0
2291 0 1.54 24.0049991607666 1 10
2292 0 0.74 28.2150001525879 1 7
2293 0 0.78 23.9419994354248 0 7
2294 0 0.71 40.2960014343262 1 8
2295 1 0.64 32.242000579834 1 0
2296 1 0.98 15.3559999465942 1 0
2297 0 0.95 27.4200000762939 0 3
2298 0 0.85 15.4849996566772 0 0
2299 1 1.03 26.0769996643066 0 7
2300 1 0.65 45.5429992675781 0 0
2301 0 0.6 44.1940002441406 1 10
2302 0 0.59 23.3549995422363 1 0
2303 0 0.62 21.8980007171631 0 0
2304 1 1.15 30.4650001525879 0 8
2305 0 0.83 17.371000289917 0 8
2306 1 0.76 33.507999420166 0 8
2307 0 0.88 39.9739990234375 0 5
2308 0 0.63 19.9209995269775 0 4
2309 0 0.59 26.6650009155273 0 9
2310 0 0.62 39.1629981994629 1 5
2311 0 0.63 38.9410018920898 1 5
2312 0 0.6 47.773998260498 0 8
2313 1 0.77 40.5439987182617 0 0
2314 1 0.7 16.6049995422363 1 5
2315 0 0.77 28.2549991607666 1 0
2316 0 0.53 17.3759994506836 1 3
2317 0 0.51 11.4049997329712 1 5
2318 1 1.29 18.4799995422363 0 5
2319 1 2.55 10.7770004272461 0 5
2320 0 0.52 32.5830001831055 1 3
2321 0 0.67 35.8079986572266 1 3
2322 0 0.55 41.1129989624023 1 4
2323 1 2.31 18.4379997253418 0 2
2324 0 0.71 22.8139991760254 1 0
2325 1 0.82 13.7849998474121 1 5
2326 0 0.71 98.0329971313477 0 8
2327 0 0.52 153.727996826172 0 5
2328 0 0.91 36.9160003662109 0 3
2329 0 0.51 35.7280006408691 0 5
2330 1 1.92 23.7800006866455 1 5
2331 0 0.55 14.9010000228882 1 8
2332 0 0.66 13.1459999084473 0 5
2333 0 0.95 61.773998260498 0 5
2334 0 1.63 65.8150024414063 1 5
2335 0 1.14 83.2470016479492 1 4
2336 0 0.7 106.494003295898 1 5
2337 0 0.68 125.141998291016 0 6
2338 0 0.62 49.0779991149902 1 2
2339 0 1.45 71.4759979248047 1 0
2340 0 0.95 130.912002563477 0 4
2341 0 1.8 68.0080032348633 1 0
2342 0 1.42 68.5189971923828 1 5
2343 0 1.01 77.8960037231445 1 5
2344 0 1.02 105.094001770020 1 5
2345 0 0.7 115.763000488281 0 8
2346 0 1.29 128.246002197266 1 2
2347 0 2.35 130.208999633789 1 0
2348 0 1.35 73.870002746582 1 4
2349 0 0.84 56.6230010986328 0 5
2350 0 1 14.1700000762939 1 5
2351 0 1.27 17.8549995422363 1 5
2352 1 1.68 30.8209991455078 0 5
2353 0 1.83 43.9539985656738 1 5
2354 0 1.86 28.1609992980957 0 0
2355 0 2.05 50.3470001220703 1 3
2356 1 1.12 16.2900009155273 1 0
2357 0 1.86 17.7670001983643 1 5
2358 1 1.99 18.0489997863770 1 4
2359 1 1.47 39.1360015869141 1 7
2360 1 2.22 14.3050003051758 0 10
2361 1 1.16 26.6749992370605 0 3
2362 1 0.6 31.0610008239746 1 2
2363 1 1.62 30.5319995880127 1 5
2364 1 1.51 27.9890003204346 1 5
2365 1 0.91 11.0310001373291 1 5
2366 1 0.67 12.2340002059937 1 5
2367 1 0.81 24.003999710083 1 10
2368 1 1.25 14.7869997024536 1 0
2369 0 1.12 22.0020008087158 1 0
2370 1 1.58 11.8129997253418 1 5
2371 0 0.71 13.7139997482300 1 0
2372 0 2.53 24.8840007781982 1 5
2373 1 1.1 6.4689998626709 1 6
2374 0 0.54 10.4610004425049 0 5
2375 0 1.13 42.0110015869141 0 5
2376 0 0.51 24.8330001831055 1 12
2377 0 0.52 19.5020008087158 0 10
2378 0 0.6 77.1080017089844 1 0
2379 0 0.76 77.8850021362305 1 2
2380 0 1.09 85.7870025634766 1 0
2381 1 1 74.911003112793 1 4
2382 0 0.61 100.539001464844 0 0
2383 0 1.13 125.597000122070 1 3
2384 0 0.86 113.698997497559 1 3
2385 0 1.01 119.941001892090 1 4
2386 1 0.62 94.7200012207031 1 2
2387 0 1.22 135.910003662109 1 3
2388 0 0.58 78.9779968261719 1 2
2389 0 0.63 87.9079971313477 1 5
2390 0 0.76 88.8659973144531 1 6
2391 1 0.78 59.5250015258789 1 0
2392 0 1.11 57.1389999389648 1 10
2393 0 1.36 53.8320007324219 0 0
2394 1 0.56 68.3450012207031 1 3
2395 0 0.74 43.1119995117188 0 0
2396 0 0.54 9.94999980926514 0 0
2397 1 1.01 6.64599990844727 1 0
2398 1 0.73 38.9199981689453 0 5
2399 1 1.17 59.5989990234375 1 0
2400 1 0.61 43.1860008239746 1 0
2401 1 0.83 9.94600009918213 1 0
2402 1 1.09 41.9420013427734 1 0
2403 1 0.51 29.3619995117188 1 0
2404 1 0.79 16.8899993896484 1 3
2405 0 1.33 31.1520004272461 0 12
2406 1 1.83 18.5219993591309 1 6
2407 1 2.18 43.4169998168945 1 4
2408 0 2.27 15.6070003509521 1 3
2409 1 0.84 58.4389991760254 1 4
2410 1 0.61 25.1389999389648 1 2
2411 0 2.83 7.27699995040894 1 8
2412 1 0.6 27.8950004577637 1 3
2413 0 2.51 36.0830001831055 1 7
2414 1 1.04 35.0579986572266 1 5
2415 1 1.36 30.507999420166 0 10
2416 1 1.91 20.8920001983643 0 4
2417 1 0.68 33.9959983825684 1 4
2418 0 0.78 37.2220001220703 1 6
2419 0 0.72 3.52500009536743 0 6
2420 0 0.51 23.2049999237061 0 5
2421 0 1.66 31.9930000305176 1 7
2422 0 1.17 43.7599983215332 1 4
2423 0 1.47 51.6300010681152 0 3
2424 0 1.8 51.6959991455078 1 6
2425 1 2.05 19.6700000762939 1 8
2426 1 0.77 32.2159996032715 1 3
2427 1 1.31 74.0810012817383 1 9
2428 0 0.75 53.5439987182617 1 10
2429 0 1.21 37.1049995422363 1 4
2430 0 0.75 65.2099990844727 1 5
2431 1 0.71 32.7690010070801 1 0
2432 1 0.85 29.2019996643066 1 3
2433 1 1.55 53.689998626709 0 4
2434 1 0.61 22.7670001983643 1 8
2435 0 0.58 47.6759986877441 0 11
2436 0 0.64 49.6889991760254 1 4
2437 1 0.96 60.8279991149902 1 5
2438 1 0.7 24.2490005493164 1 10
2439 1 1.37 19.6130008697510 1 7
2440 0 0.81 31.0690002441406 1 6
2441 1 0.82 20.1030006408691 0 3
2442 0 0.54 9.10400009155273 1 12
2443 1 1.08 57.2400016784668 1 8
2444 0 0.84 103.642997741699 0 3
2445 0 0.58 100.730003356934 1 4
2446 0 0.57 104.691001892090 0 3
2447 0 0.52 37.5519981384277 1 3
2448 0 0.58 27.7180004119873 1 0
2449 0 0.64 10.2030000686646 1 0
2450 0 0.53 9.60900020599365 1 0
2451 0 0.81 14.1470003128052 1 7
2452 0 0.53 48.7449989318848 1 4
2453 1 1.28 24.3029994964600 1 10
2454 1 0.76 36.984001159668 1 11
2455 1 1.39 42.2309989929199 0 10
2456 1 2.51 28.2770004272461 0 10
2457 1 1.68 29.7789993286133 1 6
2458 1 1.63 71.5179977416992 1 6
2459 1 2.27 69.3099975585938 1 12
2460 1 1.47 30.0830001831055 1 11
2461 1 2.86 40.3720016479492 1 5
2462 1 1.93 47.1590003967285 1 8
2463 1 1.42 125.307998657227 1 16
2464 1 1.87 95.1999969482422 0 12
2465 1 0.88 17.2569999694824 1 7
2466 1 1.25 19.0200004577637 1 8
2467 1 2.85 54.8559989929199 1 4
2468 0 2.38 50.9900016784668 1 12
2469 1 0.7 41.0709991455078 1 0
2470 1 1.02 16.3850002288818 1 14
2471 1 0.56 48.2719993591309 0 12
2472 1 1.27 29.3549995422363 0 5
2473 1 1.87 31.6669998168945 1 5
2474 1 1.18 19.1380004882813 0 16
2475 1 1.6 49.4490013122559 1 12
2476 1 1.31 29.8069992065430 1 10
2477 1 1.28 59.8800010681152 1 5
2478 1 0.8 84.7229995727539 1 12
2479 1 2.08 93.4940032958984 0 12
2480 1 2.16 114.147003173828 1 12
2481 1 1.07 83.4899978637695 0 14
2482 1 1.94 66.802001953125 1 5
2483 1 0.83 21.7970008850098 0 3
2484 1 1.25 26.5610008239746 0 8
2485 0 1.06 5.36299991607666 0 4
2486 0 1.52 87.3239974975586 0 5
2487 0 1.66 98.1149978637695 0 10
2488 1 1.4 79.593002319336 0 10
2489 1 1.17 52.1500015258789 0 10
2490 1 1.21 43.2480010986328 0 12
2491 0 0.65 21.2169990539551 0 5
2492 0 0.51 26.4109992980957 1 12
2493 1 1.11 45.8559989929199 0 15
2494 1 0.75 64.4739990234375 1 5
2495 0 1.28 16.5230007171631 0 16
2496 1 1.31 38.3390007019043 0 10
2497 1 1.03 15.7569999694824 1 10
2498 0 1.33 20.2530002593994 1 8
2499 1 1.7 12.6420001983643 1 12
2500 0 0.91 30.0720005035400 1 7
2501 0 0.81 40.9129981994629 0 12
2502 0 0.89 48.7610015869141 0 3
2503 1 0.6 16.0690002441406 0 10
2504 0 0.8 33.5480003356934 1 8
2505 0 0.87 13.9460000991821 0 11
2506 1 1.1 34.4650001525879 1 1
2507 1 0.82 45.3959999084473 0 10
2508 1 0.62 18.7250003814697 0 15
2509 1 0.85 18.5809993743896 0 15
2510 1 0.93 29.632999420166 0 17
2511 1 0.6 33.8790016174316 0 15
2512 0 0.74 101.900001525879 1 5
2513 1 1.68 88.7809982299805 0 8
2514 1 0.9 85.063003540039 0 8
2515 1 1.98 66.338996887207 0 10
2516 1 2.03 78.4290008544922 1 5
2517 0 1.86 74.572998046875 1 5
2518 0 1.11 18.8209991455078 0 14
2519 0 0.7 34.742000579834 0 10
2520 0 0.98 47.4059982299805 0 16
2521 0 1.07 75.4130020141602 1 5
2522 0 1.43 82.4029998779297 0 7
2523 0 0.85 97.8489990234375 1 5
2524 0 1.07 34.390998840332 1 5
2525 0 1.69 95.5739974975586 1 6
2526 1 1.35 59.2099990844727 1 5
2527 0 1.02 14.3629999160767 0 8
2528 0 1.14 109.663002014160 1 5
2529 0 1.02 101.964996337891 1 8
2530 0 2.56 95.5989990234375 1 7
2531 0 1.62 87.8529968261719 1 8
2532 1 1.15 67.4550018310547 1 12
2533 1 0.69 78.9869995117188 0 15
2534 0 1.06 28.3029994964600 0 8
2535 0 0.98 4.72800016403198 1 0
2536 0 1.15 22.5970001220703 1 5
2537 0 1.36 33.0040016174316 0 15
2538 0 1.04 36.5970001220703 0 8
2539 1 1.5 33.2649993896484 1 0
2540 1 1.19 47.6969985961914 0 12
2541 0 1.22 63.7280006408691 0 0
2542 0 0.83 125.563003540039 1 5
2543 0 0.65 112.771003723145 0 5
2544 0 0.98 106.363998413086 0 5
2545 1 0.58 92.7480010986328 1 15
2546 0 0.52 72.8499984741211 0 5
2547 0 1.38 74.0739974975586 0 6
2548 1 0.63 9.44400024414063 0 5
2549 1 0.54 21.5930004119873 0 6
2550 0 0.54 32.0260009765625 0 9
2551 0 0.57 22.6669998168945 0 5
2552 0 0.62 56.8709983825684 1 0
2553 0 0.81 77.4990005493164 1 5
2554 1 0.72 60.8629989624023 0 14
2555 0 0.8 30.9120006561279 0 10
2556 1 0.75 34.1669998168945 1 8
2557 1 1.58 100.315002441406 1 5
2558 1 1.18 110.008003234863 0 9
2559 0 3.51 97.5139999389648 1 0
2560 0 3.12 62.2869987487793 1 4
2561 1 1.86 29.9150009155273 0 5
2562 0 2.27 8.28999996185303 1 5
2563 0 2.77 25.7439994812012 1 5
2564 0 1.63 50.0250015258789 1 7
2565 1 1.5 45.3699989318848 0 7
2566 1 1.11 20.6219997406006 0 8
2567 1 0.86 20.9459991455078 0 4
2568 1 1.05 40.9529991149902 1 6
2569 1 1.33 29.6490001678467 0 8
2570 1 1.28 48.6609992980957 0 6
2571 1 0.89 57.4669990539551 0 6
2572 1 1.03 32.1399993896484 0 5
2573 1 0.63 62.685001373291 0 7
2574 0 1.05 69.5329971313477 1 7
2575 0 1.64 72.1370010375977 1 9
2576 1 2.93 69.8880004882813 0 5
2577 1 1.77 88.7750015258789 0 15
2578 1 2.81 104.304000854492 0 7
2579 1 3.77 83.2220001220703 1 7
2580 1 0.85 26.511999130249 0 6
2581 1 2.74 36.5379981994629 0 14
2582 1 2.19 4.11299991607666 0 10
2583 1 3.25 13.2410001754761 0 5
2584 1 2.92 37.8800010681152 0 5
2585 1 2.95 52.4770011901855 0 14
2586 1 1.19 17.0429992675781 0 8
2587 1 0.58 17.1539993286133 1 7
2588 1 0.78 5.54199981689453 1 10
2589 1 0.58 16.1270008087158 1 6
2590 1 2.69 23.2490005493164 1 7
2591 1 1.66 26.007999420166 1 6
2592 1 1.83 22.0629997253418 0 12
2593 1 1.76 27.5429992675781 0 10
2594 1 2.91 13.6590003967285 1 6
2595 1 3.22 14.5129995346069 0 15
2596 1 2.29 3.49900007247925 0 12
2597 1 1.75 11.9320001602173 0 15
2598 1 2.33 8.69499969482422 0 10
2599 1 2.73 10.0900001525879 0 12
2600 1 1.3 20.3869991302490 0 16
2601 1 1.84 18.4360008239746 0 10
2602 1 1.6 26.5349998474121 0 12
2603 1 1.56 21.6340007781982 0 7
2604 1 3.11 25.3980007171631 0 7
2605 1 2.78 21.8349990844727 1 5
2606 1 4.35 36.1809997558594 0 8
2607 1 4.07 31.1529998779297 0 7
2608 1 3.31 34.9459991455078 0 10
2609 1 0.93 34.4930000305176 1 8
2610 1 3.03 34.5489997863770 1 8
2611 1 5.19 16.2150001525879 0 5
2612 1 5.04 28.5109996795654 1 5
2613 0 0.56 37.1780014038086 1 4
2614 0 0.56 44.3110008239746 0 5
2615 0 1.64 39.3800010681152 1 1
2616 1 1.2 26.8180007934570 0 0
2617 0 0.57 14.8439998626709 1 1
2618 0 1.7 28.6860008239746 0 5
2619 0 1.29 70.5510025024414 0 5
2620 1 0.56 9.24199962615967 0 0
2621 0 0.51 12.5410003662109 0 5
2622 0 0.97 30.7159996032715 0 5
2623 0 0.85 38.1319999694824 0 5
2624 0 0.97 61.1269989013672 0 5
2625 0 1.32 39.9850006103516 1 5
2626 0 0.71 30.8309993743896 0 7
2627 0 0.81 31.9099998474121 0 6
2628 0 2.62 35.8199996948242 1 3
2629 1 0.73 26.7150001525879 1 4
2630 1 0.62 31.7119998931885 1 4
2631 1 0.86 20.8780002593994 1 0
2632 0 0.74 14.4890003204346 1 8
2633 1 0.56 21.6730003356934 0 8
2634 1 0.51 8.19799995422363 1 3
2635 1 1.2 10.7270002365112 1 6
2636 1 3.35 12.9160003662109 0 7
2637 0 0.56 8.628999710083 1 7
2638 1 0.61 20.4869995117188 0 13
2639 1 0.8 15.3020000457764 0 8
2640 0 0.69 15.9079999923706 1 7
2641 0 0.73 11.2639999389648 1 5
2642 1 2.78 25.8959999084473 1 7
2643 1 1.71 20.6949996948242 1 5
2644 1 0.66 34.7509994506836 0 13
2645 1 0.75 58.7960014343262 1 7
2646 1 0.86 48.8549995422363 1 6
2647 1 1.01 33.9169998168945 1 7
2648 1 1.02 36.435001373291 1 5
2649 1 1.33 9.871000289917 1 6
2650 1 0.53 41.8849983215332 1 5
2651 0 0.6 30.9570007324219 0 6
2652 0 0.63 109.763999938965 1 8
2653 0 0.54 108.003997802734 1 5
2654 1 0.66 104.555999755859 1 6
2655 1 1.49 72.1640014648438 0 10
2656 1 0.8 26.5610008239746 1 12
2657 1 0.68 43.867000579834 0 10
2658 1 0.89 55.1730003356934 0 7
2659 1 2.19 44.6290016174316 0 10
2660 1 0.63 31.3810005187988 0 12
2661 1 2.1 116.278999328613 1 7
2662 1 1.63 178.412002563477 0 14
2663 1 1.45 129.889007568359 1 8
2664 1 1.11 13.5530004501343 0 12
2665 1 1.51 25.5440006256104 1 8
2666 1 2.38 39.9500007629395 0 12
2667 1 2.5 36.9150009155273 0 12
2668 0 1.43 37.9949989318848 0 8
2669 1 0.78 59.7430000305176 1 6
2670 0 0.65 70.7559967041016 1 6
2671 0 0.72 5.47800016403198 1 6
2672 0 0.78 35.007999420166 0 16
2673 0 0.57 9.88599967956543 0 5
2674 1 0.63 26.492000579834 1 5
2675 0 0.53 34.8370018005371 1 5
2676 1 2.69 5.7810001373291 0 10
2677 0 2.6 10.5939998626709 1 7
2678 0 2.95 23.632999420166 0 15
2679 0 1.46 40.4650001525879 0 15
2680 0 1.39 34.4539985656738 0 10
2681 0 0.73 20.9179992675781 1 10
2682 0 0.6 19.0620002746582 1 10
2683 1 3.56 76.8539962768555 0 8
2684 0 1.5 59.507999420166 1 6
2685 1 0.64 46.9780006408691 0 4
2686 1 0.62 14.4040002822876 0 5
2687 0 1.39 10.4429998397827 1 3
2688 1 1.66 30.9689998626709 0 4
2689 1 2.22 57.443000793457 0 5
2690 0 3.77 28.5450000762939 1 6
2691 0 3.26 51.359001159668 0 0
2692 1 3.87 53.2980003356934 0 10
2693 1 3.97 16.7980003356934 0 5
2694 0 2.04 148.817993164063 1 5
2695 0 0.95 54.8940010070801 1 4
2696 1 2.16 54.9669990539551 1 4
2697 1 0.98 58.4630012512207 1 7
2698 1 0.9 41.7789993286133 1 3
2699 1 1.06 6.60400009155273 1 5
2700 1 1.18 10.7299995422363 1 5
2701 1 1.15 19.7600002288818 1 6
2702 1 1.17 33.8380012512207 1 0
2703 1 0.89 63.0449981689453 1 3
2704 0 1.11 39.9169998168945 1 8
2705 0 1.54 107.336997985840 1 6
2706 0 0.63 61.9199981689453 0 0
2707 1 0.72 60.5009994506836 1 9
2708 1 0.57 40.3419990539551 1 5
2709 0 0.73 37.8359985351563 1 7
2710 0 0.62 32.1230010986328 0 10
2711 0 0.59 5.64300012588501 0 12
2712 0 0.85 12.8839998245239 1 6
2713 1 4.28 25.5809993743896 0 14
2714 0 0.69 84.6839981079102 1 7
2715 0 0.57 6.5770001411438 0 7
2716 0 0.72 24.0869998931885 0 10
2717 0 0.74 22.6380004882813 1 7
2718 0 0.86 29.9540004730225 0 7
2719 1 1.12 6.875 0 8
2720 0 0.54 25.7240009307861 0 8
2721 0 1.14 29.4979991912842 0 9
2722 0 0.76 40.2789993286133 0 5
2723 0 0.68 37.8289985656738 0 7
2724 0 0.62 23.4899997711182 0 7
2725 0 1.18 31.0330009460449 1 0
2726 0 1.03 32.1010017395020 1 6
2727 0 3.13 114.000999450684 1 6
2728 0 3.01 76.177001953125 1 8
2729 0 3.08 76.5699996948242 0 7
2730 0 2.99 58.898998260498 1 4
2731 0 2.7 47.3839988708496 1 2
2732 0 3.78 39.1559982299805 1 6
2733 1 1.87 40.8339996337891 0 10
2734 0 1.11 25.7049999237061 0 6
2735 0 0.67 48.5839996337891 0 5
2736 0 2.59 50.9189987182617 1 2
2737 0 1.09 46.7519989013672 0 5
2738 0 0.85 39.6699981689453 0 0
2739 0 3.02 136.126998901367 0 5
2740 1 3.57 4.75500011444092 1 5
2741 0 0.69 56.0589981079102 0 4
2742 1 1.72 43.3899993896484 1 8
2743 0 0.79 58.6259994506836 0 5
2744 1 0.76 31.4009990692139 0 12
2745 1 1.39 18.2880001068115 0 12
2746 1 2.91 12.7480001449585 0 12
2747 1 0.92 17.9260005950928 0 8
2748 1 0.58 15.8870000839233 1 8
2749 0 0.55 32.4620018005371 1 10
2750 0 1.29 180.440002441406 0 0
2751 0 2.88 136.427993774414 0 0
2752 1 1.54 195.184005737305 0 10
2753 0 2.25 134.001007080078 1 6
2754 0 0.92 18.5760002136230 1 5
2755 1 2.02 19.8570003509521 1 6
2756 1 1.88 5.50400018692017 1 6
2757 1 0.57 33.3390007019043 0 10
2758 1 0.63 19.6070003509521 0 12
2759 1 1.28 9.8760004043579 1 5
2760 0 1.21 43.7080001831055 0 5
2761 0 0.91 68.0339965820313 0 5
2762 0 1.14 49.8689994812012 0 4
2763 0 0.97 33.1629981994629 0 5
2764 0 1.05 10.253999710083 0 8
2765 0 0.82 27.1550006866455 0 0
2766 0 1.12 43.1230010986328 0 3
2767 0 1.26 62.2519989013672 0 5
2768 1 0.79 23.3589992523193 1 0
2769 0 1.16 28.4020004272461 1 0
2770 1 2.89 48.6160011291504 1 0
2771 0 2.39 34.2949981689453 0 14
2772 0 2.2 41.9900016784668 0 12
2773 1 7.15 15.8009996414185 0 5
2774 0 1.32 18.6970005035400 0 4
2775 1 0.89 23.7779998779297 0 8
2776 0 0.79 32.1510009765625 0 3
2777 1 1.26 44.4720001220703 0 5
2778 0 0.58 6.50299978256226 0 5
2779 1 3.75 74.3669967651367 1 5
2780 1 3.93 63.5950012207031 0 0
2781 1 2.61 60.5750007629395 0 0
2782 1 3.22 41.2999992370605 0 0
2783 0 0.89 22.0590000152588 0 6
2784 0 1.15 26.6459999084473 1 2
2785 0 0.72 30.1870002746582 0 6
2786 0 0.69 36.2070007324219 1 4
2787 0 1.41 49.648998260498 0 5
2788 0 1.34 80.911003112793 0 8
2789 0 2.06 51.7630004882813 0 5
2790 1 3.14 26.2280006408691 0 10
2791 1 2.42 20.1380004882813 0 10
2792 0 0.58 11.8719997406006 1 6
2793 0 0.98 35.5089988708496 0 0
2794 1 1.58 39.0779991149902 0 10
2795 0 0.63 32.6660003662109 0 3
2796 0 0.65 57.6209983825684 0 1
2797 0 2.31 49.9010009765625 0 0
2798 0 1.9 27.4500007629395 0 0
2799 0 3.34 31.4549999237061 0 7
2800 1 0.69 29.5729999542236 0 0
2801 0 1.31 17.4400005340576 0 0
2802 0 0.66 29.0869998931885 0 0
2803 0 0.51 12.7749996185303 0 0
2804 1 0.91 15.8179998397827 0 0
2805 0 0.75 41.5559997558594 1 0
2806 0 0.97 7.77799987792969 1 0
2807 0 0.55 15.4230003356934 1 0
2808 1 4.67 55.6940002441406 0 8
2809 1 0.63 75.7740020751953 0 8
2810 1 0.89 52.4459991455078 0 9
2811 1 1.55 47.4339981079102 0 6
2812 0 2.08 63.4650001525879 0 10
2813 0 0.63 42.8190002441406 0 5
2814 0 0.76 23.6520004272461 0 9
2815 1 1.41 47.4550018310547 0 5
2816 1 2.8 39.132999420166 0 5
2817 0 1.2 86.541000366211 0 7
2818 1 0.97 64.906997680664 1 5
2819 0 1.18 43.0149993896484 1 6
2820 1 0.76 13.1099996566772 0 14
2821 1 1.37 10.6300001144409 0 12
2822 0 1.26 17.003999710083 0 15
2823 0 1.21 167.024993896484 0 16
2824 0 1.34 157.936996459961 1 5
2825 0 3.17 7.59299993515015 0 5
2826 0 1.17 16.0310001373291 1 5
2827 0 2.11 143.242004394531 0 7
2828 1 0.86 177.272003173828 0 10
2829 0 3.33 57.7610015869141 0 0
2830 1 2.5 93.4260025024414 1 0
2831 1 3.57 45.7439994812012 1 0
2832 1 2.46 55.685001373291 0 10
2833 1 3.13 82.0329971313477 0 0
2834 1 0.92 51.3499984741211 0 5
2835 1 2.16 11.0349998474121 0 10
2836 0 1.15 35.0900001525879 0 0
2837 0 1.28 34.4459991455078 0 0
2838 0 1.27 92.120002746582 0 4
2839 1 1.19 21.6709995269775 0 5
2840 0 0.77 19.2399997711182 0 8
2841 1 1.59 116.107002258301 1 12
2842 0 0.82 35.4389991760254 0 2
2843 1 2.07 48.9440002441406 0 4
2844 1 1.61 44.1549987792969 1 4
2845 1 2.07 68.8050003051758 1 5
2846 0 2.47 99.9100036621094 0 5
2847 0 0.93 28.1450004577637 0 8
2848 1 1.17 6.15700006484985 0 12
2849 0 1.02 5.97200012207031 0 9
2850 0 0.75 27.3190002441406 0 5
2851 0 1.17 16.3439998626709 0 5
2852 1 1.37 20.9330005645752 0 5
2853 0 1.3 48.6839981079102 0 0
2854 1 1.41 62.0830001831055 0 9
2855 0 1.84 58.8450012207031 0 5
2856 1 1.22 58.9949989318848 0 12
2857 1 0.99 50.8300018310547 0 5
2858 0 0.61 16.8369998931885 0 8
2859 0 1.76 13.2559995651245 0 6
2860 1 1.09 86.734001159668 1 12
2861 0 1.38 54.8050003051758 0 5
2862 0 1.75 123.441001892090 0 4
2863 0 0.58 121.415000915527 0 6
2864 0 0.88 21.9979991912842 0 12
2865 0 2.28 83.4130020141602 0 12
2866 0 1.55 39.1479988098145 0 7
2867 0 2.03 64.1510009765625 1 4
2868 0 0.99 14.2390003204346 0 0
2869 0 0.58 5.87200021743774 0 0
2870 1 3.47 17.7940006256104 0 5
2871 1 5.62 34.5190010070801 0 5
2872 0 2.78 46.6360015869141 1 14
2873 0 0.73 15.6490001678467 0 0
2874 0 0.64 8.9069995880127 0 0
2875 1 0.81 22.2709999084473 0 8
2876 0 0.55 24.117000579834 0 0
2877 0 0.59 26.3640003204346 0 5
2878 1 0.87 15.3610000610352 1 8
2879 1 1.51 38.6790008544922 1 0
2880 1 0.75 18.7590007781982 0 5
2881 1 0.61 32.0309982299805 0 10
2882 0 0.78 52.5120010375977 1 5
2883 0 2.47 144.576995849609 1 5
2884 0 3.67 151.065994262695 0 0
2885 0 3.09 28.1380004882813 1 10
2886 0 1.62 20.0270004272461 1 6
2887 0 0.91 25.6439990997314 1 7
2888 1 0.72 83.3239974975586 1 5
2889 0 0.7 83.8239974975586 1 4
2890 1 0.98 43.2910003662109 0 0
2891 1 2.81 34.8089981079102 0 5
2892 1 0.62 18.8950004577637 0 8
2893 0 0.72 15.8310003280640 0 12
2894 0 0.64 31.8020000457764 0 5
2895 0 1.07 2.09699988365173 0 5
2896 1 1.37 62.5660018920898 0 8
2897 1 1.19 20.2150001525879 0 8
2898 1 1.4 11.5500001907349 0 5
2899 1 1.9 78.5059967041016 0 4
2900 0 1.22 54.5250015258789 1 3
2901 0 1.37 72.0759963989258 1 8
2902 1 7.38 32.7309989929199 1 8
2903 0 3.04 10.6300001144409 0 8
2904 1 1.14 70.8809967041016 1 7
2905 1 1.17 28.8139991760254 0 12
2906 0 0.64 20.3250007629395 1 16
2907 1 4.19 17.1809997558594 1 0
2908 1 1.94 5.06899976730347 1 5
2909 1 1.18 21.1149997711182 0 10
2910 1 0.62 27.7310009002686 0 0
2911 0 4.95 36.5489997863770 1 6
2912 0 4.39 60.7080001831055 1 6
2913 0 3.9 54.3400001525879 0 4
2914 0 1.05 47.4259986877441 0 5
2915 1 1.44 36.681999206543 0 0
2916 1 3.5 28.636999130249 0 0
2917 0 1.42 36.234001159668 0 0
2918 0 1.33 33.8160018920898 0 0
2919 0 1.13 60.0540008544922 0 5
2920 0 0.94 107.438003540039 1 5
2921 0 0.89 87.0199966430664 1 5
2922 0 0.55 34.0530014038086 0 0
2923 1 0.92 11.6770000457764 0 0
2924 0 0.52 14.3830003738403 0 0
2925 0 0.61 21.5470008850098 0 1
2926 1 0.91 89.1060028076172 0 2
2927 1 9.65 71.5429992675781 1 5
2928 1 4.18 65.3470001220703 0 3
2929 1 1.59 26.7819995880127 1 8
2930 1 2.08 15.6009998321533 1 8
2931 0 0.73 74.2519989013672 0 5
2932 1 1.23 58.4930000305176 0 9
2933 1 1.36 31.0839996337891 0 10
2934 1 1.13 11.7370004653931 0 6
2935 1 1.82 25.4740009307861 0 5
2936 0 2.3 37.0989990234375 0 0
2937 0 1.77 68.0009994506836 0 5
2938 0 2.13 61.3320007324219 0 8
2939 0 0.86 27.9249992370605 0 5
2940 0 0.67 22.2900009155273 0 10
2941 0 0.76 65.9540023803711 1 12
2942 1 1.5 58.7900009155273 1 0
2943 0 2 38.3810005187988 0 6
2944 0 0.52 34.2179985046387 1 7
2945 0 1.44 109.474998474121 0 0
2946 1 3.25 34.9949989318848 0 12
2947 0 0.68 45.3479995727539 1 9
2948 1 0.85 34.2140007019043 1 7
2949 1 0.56 25.5930004119873 1 7
2950 1 0.65 54.1150016784668 0 5
2951 1 0.57 36.617000579834 0 6
2952 0 0.52 34.4059982299805 0 5
2953 0 2.05 18.2229995727539 1 0
2954 0 1.28 6.13199996948242 0 6
2955 0 1.62 64.3980026245117 0 5
2956 0 1.52 70.0419998168945 0 5
2957 0 0.8 88.4140014648438 1 3
2958 0 0.59 64.0250015258789 0 0
2959 0 0.53 97.6370010375977 0 2
2960 0 1.72 168.488006591797 0 4
2961 1 3.38 18.0939998626709 0 5
2962 0 0.65 8.88399982452393 0 0
2963 1 1.11 40.484001159668 0 0
2964 1 2.5 8.33699989318848 0 0
2965 1 3.66 24.3229999542236 0 5
2966 1 4.8 28.2770004272461 0 9
2967 0 1.53 30.8899993896484 0 0
2968 0 0.58 15.7279996871948 1 5
2969 1 1.58 8.99199962615967 0 0
2970 0 0.56 23.2310009002686 0 0
2971 0 0.67 14.0349998474121 0 0
2972 1 2.8 27.0300006866455 0 0
2973 0 3.17 64.7259979248047 0 0
2974 0 2.68 43.257999420166 0 5
2975 0 1.64 10.4409999847412 0 13
2976 0 2 22.9899997711182 0 5
2977 1 0.74 15.5120000839233 0 5
2978 0 0.67 20.8390007019043 1 12
2979 1 2.29 119.885002136230 0 5
2980 0 1.52 38.7949981689453 0 5
2981 1 0.59 41.2130012512207 0 5
2982 1 1.43 41.1580009460449 0 0
2983 1 1.35 42.5919990539551 1 0
2984 1 1.07 6.44999980926514 1 5
2985 0 1.88 26.738000869751 1 9
2986 0 0.61 7.25500011444092 0 0
2987 0 0.57 7.26999998092651 0 5
2988 0 1.2 11.4940004348755 1 10
2989 0 0.57 13.1639995574951 0 12
2990 1 0.86 11.2600002288818 1 7
2991 1 2.54 25.4209995269775 0 5
2992 1 1.13 34.3440017700195 1 10
2993 1 0.58 62.8569984436035 1 5
2994 0 2.86 117.690002441406 1 5
2995 1 2.95 145.792007446289 0 5
2996 0 1.28 114.544998168945 1 5
2997 0 2.8 79.5849990844727 0 6
2998 1 2.66 73.363998413086 0 0
2999 0 0.55 32.1609992980957 0 10
3000 0 0.64 35.2220001220703 0 5
3001 0 0.73 55.6469993591309 0 0
3002 1 0.66 70.5869979858398 0 0
3003 1 1.23 58.9140014648438 0 4
3004 1 1.13 77.734001159668 0 5
3005 1 1.08 38.0709991455078 0 0
3006 0 0.66 10.1319999694824 1 8
3007 0 2.34 48.3009986877441 0 0
3008 0 0.72 71 0 10
3009 0 1.26 38.8569984436035 1 5
3010 0 0.73 79.9029998779297 1 10
3011 0 0.57 134.595001220703 1 7
3012 0 0.98 153.546005249023 1 8
3013 0 0.88 14.8579998016357 0 10
3014 0 0.53 9.97700023651123 0 14
3015 0 0.96 26.3199996948242 0 0
3016 0 0.52 19.3470001220703 1 5
3017 0 1.08 21.3859996795654 1 3
3018 0 0.51 7.70800018310547 0 4
3019 0 0.64 22.8419990539551 0 3
3020 1 0.66 20.8439998626709 1 5
